{"id": 1615802956.965825, "camera": [{"time": 0.011479377746582031, "position": [0.999997, 9e-06, 3e-05, 0.0, -9e-06, 1.000003, 6.3e-05, 0.0, -2.8e-05, -6.5e-05, 1.000006, 0.0, 0.004389, 0.001392, 0.004199, 1.0], "rotation": [0.997586, -0.057747, 0.038415, 0.0, 0.050451, 0.984256, 0.169424, 0.0, -0.04759, -0.167081, 0.984805, 0.0, 0.007843, 0.092105, -0.06523, 1.0]}, {"time": 0.018459558486938477, "position": [0.999997, 9e-06, 3e-05, 0.0, -8e-06, 1.000002, 6.3e-05, 0.0, -2.8e-05, -6.5e-05, 1.000006, 0.0, 0.00427, 0.00143, 0.004243, 1.0], "rotation": [0.997546, -0.057748, 0.039396, 0.0, 0.050287, 0.984261, 0.16944, 0.0, -0.048558, -0.167048, 0.984763, 0.0, 0.007908, 0.092103, -0.065225, 1.0]}, {"time": 0.021451950073242188, "position": [0.999997, 8e-06, 3e-05, 0.0, -8e-06, 1.000002, 6.3e-05, 0.0, -2.8e-05, -6.5e-05, 1.000005, 0.0, 0.004241, 0.001433, 0.004257, 1.0], "rotation": [0.997512, -0.058197, 0.039589, 0.0, 0.050719, 0.984311, 0.16901, 0.0, -0.0488, -0.166586, 0.984828, 0.0, 0.007962, 0.09207, -0.065265, 1.0]}, {"time": 0.02448248863220215, "position": [0.999997, 8e-06, 3e-05, 0.0, -8e-06, 1.000002, 6.3e-05, 0.0, -2.8e-05, -6.5e-05, 1.000007, 0.0, 0.004189, 0.00142, 0.004274, 1.0], "rotation": [0.997502, -0.058351, 0.039671, 0.0, 0.050864, 0.984326, 0.168877, 0.0, -0.0489, -0.166442, 0.98485, 0.0, 0.007981, 0.09206, -0.065277, 1.0]}, {"time": 0.02647686004638672, "position": [0.999997, 8e-06, 3e-05, 0.0, -8e-06, 1.000001, 6.3e-05, 0.0, -2.8e-05, -6.5e-05, 1.000006, 0.0, 0.004151, 0.00143, 0.004294, 1.0], "rotation": [0.997497, -0.058288, 0.039844, 0.0, 0.050771, 0.984327, 0.168899, 0.0, -0.049061, -0.166458, 0.984838, 0.0, 0.007987, 0.092061, -0.065274, 1.0]}, {"time": 0.028468608856201172, "position": [0.999997, 8e-06, 3e-05, 0.0, -8e-06, 1.000001, 6.2e-05, 0.0, -2.8e-05, -6.5e-05, 1.000006, 0.0, 0.00414, 0.001431, 0.004315, 1.0], "rotation": [0.997487, -0.058463, 0.039886, 0.0, 0.050939, 0.984323, 0.16887, 0.0, -0.04913, -0.166419, 0.984842, 0.0, 0.008006, 0.092058, -0.065277, 1.0]}, {"time": 0.030464649200439453, "position": [0.999997, 8e-06, 3e-05, 0.0, -8e-06, 1.000001, 6.2e-05, 0.0, -2.8e-05, -6.5e-05, 1.000007, 0.0, 0.00414, 0.001431, 0.004315, 1.0], "rotation": [0.997487, -0.058463, 0.039886, 0.0, 0.050939, 0.984322, 0.16887, 0.0, -0.04913, -0.166419, 0.984842, 0.0, 0.008006, 0.092058, -0.065277, 1.0]}, {"time": 0.03245687484741211, "position": [0.999997, 8e-06, 3e-05, 0.0, -8e-06, 1.000002, 6.2e-05, 0.0, -2.8e-05, -6.5e-05, 1.000006, 0.0, 0.004054, 0.001415, 0.004334, 1.0], "rotation": [0.997489, -0.058379, 0.039915, 0.0, 0.05086, 0.98436, 0.168687, 0.0, -0.049135, -0.166238, 0.984871, 0.0, 0.008, 0.092046, -0.065294, 1.0]}, {"time": 0.03445172309875488, "position": [0.999998, 8e-06, 3e-05, 0.0, -8e-06, 1.000002, 6.2e-05, 0.0, -2.8e-05, -6.5e-05, 1.000006, 0.0, 0.004054, 0.001415, 0.004334, 1.0], "rotation": [0.997491, -0.058379, 0.039915, 0.0, 0.05086, 0.98436, 0.168687, 0.0, -0.049135, -0.166239, 0.984872, 0.0, 0.008, 0.092046, -0.065294, 1.0]}, {"time": 0.035448551177978516, "position": [0.999997, 7e-06, 3e-05, 0.0, -7e-06, 1.000001, 6.2e-05, 0.0, -2.8e-05, -6.4e-05, 1.000006, 0.0, 0.004001, 0.001402, 0.004388, 1.0], "rotation": [0.997485, -0.058741, 0.039507, 0.0, 0.051279, 0.984315, 0.168814, 0.0, -0.0488, -0.166367, 0.984865, 0.0, 0.008006, 0.092053, -0.065283, 1.0]}, {"time": 0.03741025924682617, "position": [0.999997, 8e-06, 3e-05, 0.0, -7e-06, 1.000003, 6.2e-05, 0.0, -2.8e-05, -6.4e-05, 1.000006, 0.0, 0.003916, 0.001434, 0.004367, 1.0], "rotation": [0.997498, -0.058484, 0.039526, 0.0, 0.051046, 0.984411, 0.168341, 0.0, -0.048752, -0.165906, 0.984948, 0.0, 0.007984, 0.092023, -0.065328, 1.0]}, {"time": 0.03944110870361328, "position": [0.999997, 7e-06, 3e-05, 0.0, -7e-06, 1.000002, 6.2e-05, 0.0, -2.8e-05, -6.4e-05, 1.000006, 0.0, 0.003916, 0.001434, 0.004367, 1.0], "rotation": [0.997498, -0.058484, 0.039526, 0.0, 0.051046, 0.98441, 0.16834, 0.0, -0.048752, -0.165906, 0.984947, 0.0, 0.007984, 0.092023, -0.065328, 1.0]}, {"time": 0.04044508934020996, "position": [0.999997, 7e-06, 3e-05, 0.0, -7e-06, 1.000002, 6.2e-05, 0.0, -2.8e-05, -6.4e-05, 1.000006, 0.0, 0.003851, 0.001445, 0.004413, 1.0], "rotation": [0.997488, -0.058432, 0.039882, 0.0, 0.050931, 0.984404, 0.168408, 0.0, -0.049097, -0.165959, 0.98492, 0.0, 0.008002, 0.092027, -0.06532, 1.0]}, {"time": 0.04143404960632324, "position": [0.999997, 7e-06, 3e-05, 0.0, -7e-06, 1.000002, 6.2e-05, 0.0, -2.9e-05, -6.4e-05, 1.000006, 0.0, 0.003821, 0.001444, 0.004403, 1.0], "rotation": [0.997473, -0.0585, 0.040157, 0.0, 0.050959, 0.984423, 0.168291, 0.0, -0.049374, -0.165823, 0.98493, 0.0, 0.008027, 0.092018, -0.06533, 1.0]}, {"time": 0.04343414306640625, "position": [0.999997, 7e-06, 3e-05, 0.0, -7e-06, 1.000002, 6.1e-05, 0.0, -2.8e-05, -6.4e-05, 1.000005, 0.0, 0.003749, 0.00144, 0.004406, 1.0], "rotation": [0.997451, -0.05869, 0.04043, 0.0, 0.051097, 0.9844, 0.168382, 0.0, -0.049679, -0.165891, 0.9849, 0.0, 0.008062, 0.092021, -0.065321, 1.0]}, {"time": 0.04443049430847168, "position": [0.999997, 7e-06, 3e-05, 0.0, -6e-06, 1.000002, 6.1e-05, 0.0, -2.8e-05, -6.3e-05, 1.000006, 0.0, 0.003701, 0.001467, 0.004399, 1.0], "rotation": [0.997437, -0.058902, 0.04046, 0.0, 0.051298, 0.984378, 0.168445, 0.0, -0.049746, -0.165943, 0.98489, 0.0, 0.008084, 0.092024, -0.065315, 1.0]}, {"time": 0.045424699783325195, "position": [0.999997, 7e-06, 3e-05, 0.0, -6e-06, 1.000002, 6.1e-05, 0.0, -2.8e-05, -6.4e-05, 1.000006, 0.0, 0.003701, 0.001467, 0.004399, 1.0], "rotation": [0.997436, -0.058902, 0.04046, 0.0, 0.051298, 0.984377, 0.168445, 0.0, -0.049746, -0.165943, 0.98489, 0.0, 0.008084, 0.092024, -0.065315, 1.0]}, {"time": 0.04642462730407715, "position": [0.999998, 6e-06, 3e-05, 0.0, -6e-06, 1.000001, 6.1e-05, 0.0, -2.8e-05, -6.3e-05, 1.000006, 0.0, 0.003641, 0.001482, 0.004372, 1.0], "rotation": [0.997464, -0.05867, 0.040178, 0.0, 0.051091, 0.984302, 0.168942, 0.0, -0.049456, -0.166464, 0.984818, 0.0, 0.008044, 0.09206, -0.065269, 1.0]}, {"time": 0.04741978645324707, "position": [0.999998, 6e-06, 3e-05, 0.0, -6e-06, 1.000001, 6.1e-05, 0.0, -2.8e-05, -6.3e-05, 1.000006, 0.0, 0.003641, 0.001482, 0.004372, 1.0], "rotation": [0.997464, -0.05867, 0.040178, 0.0, 0.051091, 0.984302, 0.168942, 0.0, -0.049456, -0.166464, 0.984818, 0.0, 0.008044, 0.09206, -0.065269, 1.0]}, {"time": 0.04941439628601074, "position": [0.999997, 6e-06, 3e-05, 0.0, -6e-06, 1.000002, 6e-05, 0.0, -2.8e-05, -6.3e-05, 1.000006, 0.0, 0.00364, 0.001527, 0.004317, 1.0], "rotation": [0.997443, -0.058877, 0.040369, 0.0, 0.051263, 0.984294, 0.168946, 0.0, -0.049679, -0.16645, 0.984808, 0.0, 0.008075, 0.092058, -0.065268, 1.0]}, {"time": 0.05041170120239258, "position": [0.999997, 7e-06, 3e-05, 0.0, -6e-06, 1.000002, 6e-05, 0.0, -2.8e-05, -6.3e-05, 1.000005, 0.0, 0.003704, 0.0014, 0.004347, 1.0], "rotation": [0.997396, -0.059475, 0.04063, 0.0, 0.051803, 0.984247, 0.169062, 0.0, -0.050042, -0.166523, 0.984776, 0.0, 0.008148, 0.09206, -0.065256, 1.0]}, {"time": 0.051410675048828125, "position": [0.999998, 7e-06, 3e-05, 0.0, -7e-06, 1.000002, 6e-05, 0.0, -2.8e-05, -6.3e-05, 1.000006, 0.0, 0.003762, 0.001332, 0.004056, 1.0], "rotation": [0.997438, -0.059494, 0.039597, 0.0, 0.052065, 0.984474, 0.167654, 0.0, -0.048953, -0.165167, 0.98506, 0.0, 0.008082, 0.091969, -0.065392, 1.0]}, {"time": 0.05236959457397461, "position": [0.999997, 7e-06, 3e-05, 0.0, -7e-06, 1.000001, 6e-05, 0.0, -2.8e-05, -6.2e-05, 1.000006, 0.0, 0.003789, 0.001249, 0.003986, 1.0], "rotation": [0.997425, -0.059417, 0.04001, 0.0, 0.051856, 0.984261, 0.168952, 0.0, -0.049415, -0.166446, 0.984821, 0.0, 0.008102, 0.092055, -0.065269, 1.0]}, {"time": 0.05340886116027832, "position": [0.999997, 7e-06, 3e-05, 0.0, -7e-06, 1.000001, 6e-05, 0.0, -2.8e-05, -6.2e-05, 1.000006, 0.0, 0.003798, 0.001269, 0.003899, 1.0], "rotation": [0.997469, -0.058728, 0.039903, 0.0, 0.051194, 0.984296, 0.168952, 0.0, -0.049195, -0.166485, 0.984827, 0.0, 0.008031, 0.092061, -0.065269, 1.0]}, {"time": 0.055397987365722656, "position": [0.999998, 7e-06, 3e-05, 0.0, -7e-06, 1.000001, 6e-05, 0.0, -2.8e-05, -6.3e-05, 1.000006, 0.0, 0.003827, 0.001315, 0.003737, 1.0], "rotation": [0.997477, -0.058615, 0.039906, 0.0, 0.051116, 0.98442, 0.168252, 0.0, -0.049143, -0.165793, 0.984946, 0.0, 0.008021, 0.092015, -0.065335, 1.0]}, {"time": 0.056397438049316406, "position": [0.999997, 7e-06, 3e-05, 0.0, -7e-06, 1.000001, 6e-05, 0.0, -2.8e-05, -6.2e-05, 1.000006, 0.0, 0.003831, 0.001307, 0.003728, 1.0], "rotation": [0.997483, -0.058475, 0.039936, 0.0, 0.050972, 0.984421, 0.168291, 0.0, -0.049151, -0.165836, 0.984939, 0.0, 0.00801, 0.092019, -0.065331, 1.0]}, {"time": 0.05739307403564453, "position": [0.999997, 7e-06, 3e-05, 0.0, -7e-06, 1.000002, 6e-05, 0.0, -2.8e-05, -6.2e-05, 1.000006, 0.0, 0.003802, 0.001353, 0.003584, 1.0], "rotation": [0.997534, -0.057948, 0.039392, 0.0, 0.050579, 0.98457, 0.167541, 0.0, -0.04849, -0.16514, 0.985087, 0.0, 0.007925, 0.091975, -0.065403, 1.0]}, {"time": 0.05935072898864746, "position": [0.999997, 7e-06, 3e-05, 0.0, -7e-06, 1.000002, 6e-05, 0.0, -2.8e-05, -6.2e-05, 1.000005, 0.0, 0.003834, 0.001434, 0.003483, 1.0], "rotation": [0.997499, -0.058519, 0.039455, 0.0, 0.051139, 0.984566, 0.167393, 0.0, -0.048638, -0.164962, 0.985109, 0.0, 0.007982, 0.09196, -0.065417, 1.0]}, {"time": 0.06038522720336914, "position": [0.999996, 7e-06, 3e-05, 0.0, -7e-06, 1.000002, 6e-05, 0.0, -2.8e-05, -6.2e-05, 1.000006, 0.0, 0.003568, 0.001351, 0.003273, 1.0], "rotation": [0.997525, -0.058345, 0.039003, 0.0, 0.051039, 0.984561, 0.167449, 0.0, -0.048167, -0.165049, 0.98512, 0.0, 0.007936, 0.091967, -0.065413, 1.0]}, {"time": 0.06138253211975098, "position": [0.999997, 7e-06, 3e-05, 0.0, -7e-06, 1.000002, 6e-05, 0.0, -2.8e-05, -6.2e-05, 1.000006, 0.0, 0.003568, 0.001351, 0.003273, 1.0], "rotation": [0.997527, -0.058345, 0.039003, 0.0, 0.051039, 0.984562, 0.167449, 0.0, -0.048167, -0.165049, 0.98512, 0.0, 0.007937, 0.091967, -0.065413, 1.0]}, {"time": 0.062378883361816406, "position": [0.999997, 7e-06, 3e-05, 0.0, -7e-06, 1.000002, 6e-05, 0.0, -2.8e-05, -6.2e-05, 1.000006, 0.0, 0.00348, 0.001373, 0.003152, 1.0], "rotation": [0.997466, -0.059441, 0.038936, 0.0, 0.05212, 0.984464, 0.167682, 0.0, -0.048295, -0.165233, 0.985082, 0.0, 0.008033, 0.091974, -0.065391, 1.0]}, {"time": 0.06337642669677734, "position": [0.999997, 7e-06, 3e-05, 0.0, -7e-06, 1.000001, 5.9e-05, 0.0, -2.8e-05, -6.2e-05, 1.000006, 0.0, 0.003308, 0.001362, 0.003077, 1.0], "rotation": [0.997424, -0.05975, 0.039535, 0.0, 0.052319, 0.984425, 0.167847, 0.0, -0.048945, -0.16535, 0.985031, 0.0, 0.008101, 0.091981, -0.065374, 1.0]}, {"time": 0.18010544776916504, "position": [0.999997, 7e-06, 3e-05, 0.0, -7e-06, 1.000001, 5.9e-05, 0.0, -2.8e-05, -6.2e-05, 1.000006, 0.0, 0.003197, 0.001398, 0.003145, 1.0], "rotation": [0.997396, -0.059719, 0.04029, 0.0, 0.052166, 0.984446, 0.167776, 0.0, -0.049679, -0.165241, 0.985013, 0.0, 0.008148, 0.091973, -0.065378, 1.0]}, {"time": 0.1820530891418457, "position": [0.999997, 7e-06, 3e-05, 0.0, -7e-06, 1.000002, 5.9e-05, 0.0, -2.8e-05, -6.1e-05, 1.000006, 0.0, 0.003078, 0.001396, 0.003229, 1.0], "rotation": [0.997388, -0.059619, 0.04062, 0.0, 0.052057, 0.9846, 0.166913, 0.0, -0.049942, -0.164367, 0.985146, 0.0, 0.00816, 0.091916, -0.065458, 1.0]}, {"time": 0.20900225639343262, "position": [0.999997, 7e-06, 3e-05, 0.0, -7e-06, 1.000002, 5.9e-05, 0.0, -2.8e-05, -6.1e-05, 1.000007, 0.0, 0.003078, 0.001396, 0.003229, 1.0], "rotation": [0.997387, -0.059619, 0.04062, 0.0, 0.052057, 0.9846, 0.166914, 0.0, -0.049942, -0.164367, 0.985146, 0.0, 0.00816, 0.091916, -0.065458, 1.0]}, {"time": 0.2768213748931885, "position": [0.999998, 7e-06, 3e-05, 0.0, -7e-06, 1.000001, 5.9e-05, 0.0, -2.8e-05, -6.1e-05, 1.000006, 0.0, 0.002929, 0.0014, 0.003402, 1.0], "rotation": [0.997384, -0.059512, 0.040892, 0.0, 0.05187, 0.984488, 0.167622, 0.0, -0.05023, -0.165066, 0.985014, 0.0, 0.008168, 0.091963, -0.065391, 1.0]}, {"time": 0.27887654304504395, "position": [0.999998, 7e-06, 3e-05, 0.0, -7e-06, 1.000002, 5.9e-05, 0.0, -2.8e-05, -6.1e-05, 1.000005, 0.0, 0.002931, 0.001413, 0.003438, 1.0], "rotation": [0.997392, -0.059826, 0.040284, 0.0, 0.052279, 0.984461, 0.167658, 0.0, -0.049685, -0.165119, 0.98503, 0.0, 0.008157, 0.091965, -0.065389, 1.0]}, {"time": 0.3585197925567627, "position": [0.999997, 7e-06, 3e-05, 0.0, -7e-06, 1.000001, 5.9e-05, 0.0, -2.9e-05, -6.2e-05, 1.000007, 0.0, 0.002906, 0.001371, 0.003474, 1.0], "rotation": [0.997402, -0.059934, 0.039787, 0.0, 0.052466, 0.984444, 0.167685, 0.0, -0.049215, -0.165166, 0.985049, 0.0, 0.008135, 0.091967, -0.065388, 1.0]}, {"time": 0.3635063171386719, "position": [0.999998, 7e-06, 3e-05, 0.0, -6e-06, 1.000002, 5.9e-05, 0.0, -2.8e-05, -6.1e-05, 1.000007, 0.0, 0.002859, 0.001354, 0.003477, 1.0], "rotation": [0.997432, -0.059612, 0.039569, 0.0, 0.052207, 0.984539, 0.167221, 0.0, -0.048923, -0.16473, 0.985137, 0.0, 0.00809, 0.09194, -0.065432, 1.0]}, {"time": 0.4353146553039551, "position": [0.999998, 7e-06, 3e-05, 0.0, -7e-06, 1.000002, 5.9e-05, 0.0, -2.8e-05, -6.1e-05, 1.000005, 0.0, 0.002751, 0.001328, 0.003532, 1.0], "rotation": [0.997405, -0.059414, 0.040526, 0.0, 0.051843, 0.984521, 0.167438, 0.0, -0.049843, -0.164907, 0.985058, 0.0, 0.008135, 0.091953, -0.065409, 1.0]}, {"time": 0.4363119602203369, "position": [0.999998, 7e-06, 3e-05, 0.0, -6e-06, 1.000002, 5.9e-05, 0.0, -2.8e-05, -6.2e-05, 1.000007, 0.0, 0.00278, 0.001403, 0.003572, 1.0], "rotation": [0.997316, -0.060238, 0.041486, 0.0, 0.052478, 0.984424, 0.167814, 0.0, -0.050945, -0.165191, 0.984957, 0.0, 0.008274, 0.091967, -0.065371, 1.0]}, {"time": 0.4383065700531006, "position": [0.999998, 7e-06, 3e-05, 0.0, -7e-06, 1.000002, 5.9e-05, 0.0, -2.8e-05, -6.1e-05, 1.000007, 0.0, 0.00278, 0.001403, 0.003572, 1.0], "rotation": [0.997316, -0.060238, 0.041486, 0.0, 0.052478, 0.984424, 0.167814, 0.0, -0.050944, -0.16519, 0.984958, 0.0, 0.008274, 0.091967, -0.065371, 1.0]}, {"time": 0.5433526039123535, "position": [0.999997, 7e-06, 3e-05, 0.0, -6e-06, 1.000001, 5.9e-05, 0.0, -2.8e-05, -6.2e-05, 1.000006, 0.0, 0.002712, 0.001501, 0.003545, 1.0], "rotation": [0.99736, -0.059429, 0.041575, 0.0, 0.051675, 0.984495, 0.167637, 0.0, -0.050889, -0.165051, 0.984982, 0.0, 0.008205, 0.091962, -0.065387, 1.0]}, {"time": 0.5443477630615234, "position": [0.999997, 7e-06, 3e-05, 0.0, -6e-06, 1.000002, 5.9e-05, 0.0, -2.8e-05, -6.2e-05, 1.000006, 0.0, 0.002865, 0.00156, 0.003523, 1.0], "rotation": [0.997261, -0.060686, 0.042088, 0.0, 0.052856, 0.984516, 0.167162, 0.0, -0.051577, -0.164484, 0.985041, 0.0, 0.008355, 0.091918, -0.06543, 1.0]}, {"time": 0.5617501735687256, "position": [0.999997, 6e-06, 3e-05, 0.0, -6e-06, 1.000001, 5.9e-05, 0.0, -2.8e-05, -6.1e-05, 1.000007, 0.0, 0.003006, 0.001345, 0.003421, 1.0], "rotation": [0.997327, -0.05992, 0.041675, 0.0, 0.052184, 0.984606, 0.166828, 0.0, -0.051027, -0.16421, 0.985116, 0.0, 0.008257, 0.091904, -0.065462, 1.0]}, {"time": 0.6049740314483643, "position": [0.999998, 6e-06, 3e-05, 0.0, -6e-06, 1.000001, 5.9e-05, 0.0, -2.8e-05, -6.1e-05, 1.000007, 0.0, 0.003147, 0.00133, 0.003408, 1.0], "rotation": [0.997374, -0.059968, 0.040469, 0.0, 0.052404, 0.984505, 0.167354, 0.0, -0.049874, -0.164797, 0.985078, 0.0, 0.008182, 0.091943, -0.065417, 1.0]}, {"time": 0.7478716373443604, "position": [0.999998, 6e-06, 3e-05, 0.0, -6e-06, 1.000001, 5.9e-05, 0.0, -2.8e-05, -6.2e-05, 1.000006, 0.0, 0.003147, 0.00133, 0.003408, 1.0], "rotation": [0.997375, -0.059968, 0.040469, 0.0, 0.052404, 0.984504, 0.167354, 0.0, -0.049874, -0.164797, 0.985076, 0.0, 0.008182, 0.091943, -0.065417, 1.0]}, {"time": 0.7508630752563477, "position": [0.999997, 6e-06, 3e-05, 0.0, -5e-06, 1.000003, 5.9e-05, 0.0, -2.8e-05, -6.2e-05, 1.000006, 0.0, 0.003238, 0.001367, 0.003328, 1.0], "rotation": [0.997365, -0.060011, 0.0406, 0.0, 0.052392, 0.984397, 0.168005, 0.0, -0.050046, -0.165441, 0.98496, 0.0, 0.008195, 0.091985, -0.065356, 1.0]}, {"time": 0.7528576850891113, "position": [0.999997, 0.0, 1.4e-05, 0.0, -0.0, 1.000002, -2e-06, 0.0, -1.3e-05, -1e-06, 1.000006, 0.0, 0.003207, 0.001596, 0.003181, 1.0], "rotation": [0.99738, -0.059517, 0.040939, 0.0, 0.051853, 0.984439, 0.167915, 0.0, -0.050292, -0.165358, 0.98496, 0.0, 0.008172, 0.091982, -0.065363, 1.0]}, {"time": 0.7538549900054932, "position": [0.999997, 0.0, 1.4e-05, 0.0, 0.0, 1.000003, -2e-06, 0.0, -1.3e-05, -0.0, 1.000006, 0.0, 0.00318, 0.001522, 0.003085, 1.0], "rotation": [0.997357, -0.0596, 0.041379, 0.0, 0.051876, 0.984489, 0.167632, 0.0, -0.050724, -0.165046, 0.984991, 0.0, 0.008208, 0.091961, -0.065388, 1.0]}, {"time": 0.7698118686676025, "position": [0.999998, -0.0, 1.4e-05, 0.0, 0.0, 1.000002, -2e-06, 0.0, -1.3e-05, -1e-06, 1.000007, 0.0, 0.003153, 0.00148, 0.003067, 1.0], "rotation": [0.997421, -0.059088, 0.040609, 0.0, 0.05148, 0.984448, 0.167984, 0.0, -0.0499, -0.165463, 0.984965, 0.0, 0.00811, 0.091991, -0.065358, 1.0]}, {"time": 1.1350202560424805, "position": [0.999997, -1e-06, 1.4e-05, 0.0, 1e-06, 1.000001, -2e-06, 0.0, -1.3e-05, -1e-06, 1.000006, 0.0, 0.003216, 0.001485, 0.003091, 1.0], "rotation": [0.99742, -0.059602, 0.039836, 0.0, 0.052072, 0.984266, 0.168858, 0.0, -0.04927, -0.166351, 0.984846, 0.0, 0.008107, 0.092048, -0.065278, 1.0]}, {"time": 1.137014389038086, "position": [0.999997, -1e-06, 1.4e-05, 0.0, 1e-06, 1.000001, -1e-06, 0.0, -1.3e-05, -1e-06, 1.000007, 0.0, 0.003004, 0.001536, 0.003234, 1.0], "rotation": [0.997415, -0.05924, 0.040496, 0.0, 0.051641, 0.98441, 0.168145, 0.0, -0.049822, -0.165624, 0.984942, 0.0, 0.008117, 0.092001, -0.065343, 1.0]}, {"time": 1.1380505561828613, "position": [0.999998, -1e-06, 1.4e-05, 0.0, 1e-06, 1.000002, -1e-06, 0.0, -1.3e-05, -1e-06, 1.000006, 0.0, 0.002882, 0.00152, 0.003357, 1.0], "rotation": [0.997311, -0.060611, 0.041061, 0.0, 0.052882, 0.984288, 0.168492, 0.0, -0.050625, -0.165872, 0.984857, 0.0, 0.008281, 0.092011, -0.065308, 1.0]}, {"time": 1.1390714645385742, "position": [0.999999, 0.0, 1.4e-05, 0.0, 0.0, 1.000003, -1e-06, 0.0, -1.3e-05, -0.0, 1.000014, 0.0, 0.002839, 0.00156, 0.003422, 1.0], "rotation": [0.997252, -0.060887, 0.042126, 0.0, 0.052999, 0.984349, 0.168103, 0.0, -0.051698, -0.165408, 0.984892, 0.0, 0.008376, 0.091979, -0.065342, 1.0]}, {"time": 1.1410462856292725, "position": [0.999999, -0.0, 1.4e-05, 0.0, 0.0, 1.000004, -1e-06, 0.0, -1.2e-05, 0.0, 1.000013, 0.0, 0.002839, 0.00156, 0.003422, 1.0], "rotation": [0.997252, -0.060887, 0.042126, 0.0, 0.052999, 0.984349, 0.168103, 0.0, -0.051698, -0.165408, 0.984891, 0.0, 0.008376, 0.091979, -0.065342, 1.0]}, {"time": 1.142087459564209, "position": [1.0, -1e-06, 1.4e-05, 0.0, 1e-06, 1.000005, -2e-06, 0.0, -1.3e-05, 1e-06, 1.000017, 0.0, 0.00278, 0.00159, 0.003498, 1.0], "rotation": [0.997255, -0.060343, 0.042887, 0.0, 0.052334, 0.984381, 0.168144, 0.0, -0.052359, -0.165436, 0.98486, 0.0, 0.008376, 0.091983, -0.065336, 1.0]}, {"time": 1.1430878639221191, "position": [1.0, -2e-06, 1.4e-05, 0.0, 2e-06, 1.000005, -2e-06, 0.0, -1.2e-05, 1e-06, 1.000016, 0.0, 0.002778, 0.00165, 0.00349, 1.0], "rotation": [0.997306, -0.059893, 0.042354, 0.0, 0.052037, 0.984588, 0.167024, 0.0, -0.0517, -0.164368, 0.985071, 0.0, 0.008299, 0.091914, -0.065442, 1.0]}, {"time": 1.1560065746307373, "position": [1.000001, -4e-06, 1.4e-05, 0.0, 4e-06, 1.000005, -2e-06, 0.0, -1.3e-05, 1e-06, 1.000016, 0.0, 0.002929, 0.001675, 0.003601, 1.0], "rotation": [0.997302, -0.060445, 0.041674, 0.0, 0.052712, 0.984614, 0.166656, 0.0, -0.051102, -0.164009, 0.985163, 0.0, 0.008305, 0.091887, -0.065479, 1.0]}, {"time": 1.2028803825378418, "position": [1.000001, -4e-06, 1.4e-05, 0.0, 4e-06, 1.000005, -3e-06, 0.0, -1.2e-05, 2e-06, 1.000017, 0.0, 0.002946, 0.001717, 0.00364, 1.0], "rotation": [0.99731, -0.060367, 0.041583, 0.0, 0.052647, 0.984605, 0.16673, 0.0, -0.051003, -0.16409, 0.985156, 0.0, 0.008292, 0.091893, -0.065472, 1.0]}, {"time": 1.2582857608795166, "position": [1.000001, -4e-06, 1.4e-05, 0.0, 5e-06, 1.000005, -3e-06, 0.0, -1.2e-05, 2e-06, 1.000017, 0.0, 0.003048, 0.001742, 0.00364, 1.0], "rotation": [0.997377, -0.059639, 0.041035, 0.0, 0.052011, 0.984617, 0.166862, 0.0, -0.050351, -0.164288, 0.985157, 0.0, 0.008189, 0.09191, -0.065462, 1.0]}, {"time": 1.2642719745635986, "position": [1.000001, -5e-06, 1.4e-05, 0.0, 5e-06, 1.000005, -3e-06, 0.0, -1.2e-05, 2e-06, 1.000017, 0.0, 0.003048, 0.001742, 0.00364, 1.0], "rotation": [0.997378, -0.059639, 0.041035, 0.0, 0.052012, 0.984617, 0.166862, 0.0, -0.050351, -0.164288, 0.985157, 0.0, 0.008189, 0.09191, -0.065462, 1.0]}, {"time": 1.31618070602417, "position": [1.0, -5e-06, 1.4e-05, 0.0, 5e-06, 1.000005, -3e-06, 0.0, -1.3e-05, 2e-06, 1.000017, 0.0, 0.003069, 0.001702, 0.003579, 1.0], "rotation": [0.99739, -0.059407, 0.041011, 0.0, 0.051771, 0.984578, 0.16716, 0.0, -0.050305, -0.164599, 0.985106, 0.0, 0.008166, 0.091932, -0.065434, 1.0]}, {"time": 1.3598005771636963, "position": [1.000001, -5e-06, 1.4e-05, 0.0, 5e-06, 1.000005, -4e-06, 0.0, -1.2e-05, 3e-06, 1.000018, 0.0, 0.003104, 0.001694, 0.003516, 1.0], "rotation": [0.997376, -0.059096, 0.041848, 0.0, 0.051283, 0.984462, 0.167992, 0.0, -0.051121, -0.165402, 0.984932, 0.0, 0.008192, 0.091987, -0.065353, 1.0]}, {"time": 1.4077222347259521, "position": [1.000001, -5e-06, 1.4e-05, 0.0, 5e-06, 1.000004, -4e-06, 0.0, -1.3e-05, 3e-06, 1.000017, 0.0, 0.003022, 0.001765, 0.003399, 1.0], "rotation": [0.997415, -0.058395, 0.041889, 0.0, 0.050609, 0.984579, 0.167506, 0.0, -0.051021, -0.164952, 0.985011, 0.0, 0.008131, 0.09196, -0.065399, 1.0]}, {"time": 1.457538366317749, "position": [1.0, -6e-06, 1.4e-05, 0.0, 6e-06, 1.000005, -5e-06, 0.0, -1.3e-05, 4e-06, 1.000017, 0.0, 0.003109, 0.001715, 0.003468, 1.0], "rotation": [0.997298, -0.059894, 0.042513, 0.0, 0.051959, 0.984422, 0.168027, 0.0, -0.05191, -0.165362, 0.984897, 0.0, 0.00831, 0.09198, -0.065348, 1.0]}, {"time": 1.4652481079101562, "position": [1.0, -6e-06, 1.4e-05, 0.0, 6e-06, 1.000005, -5e-06, 0.0, -1.3e-05, 4e-06, 1.000017, 0.0, 0.003109, 0.001715, 0.003468, 1.0], "rotation": [0.997298, -0.059894, 0.042513, 0.0, 0.051959, 0.984422, 0.168027, 0.0, -0.05191, -0.165362, 0.984897, 0.0, 0.00831, 0.09198, -0.065348, 1.0]}, {"time": 1.5171096324920654, "position": [1.000001, -6e-06, 1.4e-05, 0.0, 6e-06, 1.000005, -5e-06, 0.0, -1.3e-05, 4e-06, 1.000017, 0.0, 0.00301, 0.001638, 0.003403, 1.0], "rotation": [0.997375, -0.059184, 0.041738, 0.0, 0.051387, 0.984456, 0.168003, 0.0, -0.051029, -0.165415, 0.984933, 0.0, 0.008193, 0.091987, -0.065353, 1.0]}, {"time": 1.5589978694915771, "position": [1.000001, -8e-06, 1.4e-05, 0.0, 8e-06, 1.000005, -5e-06, 0.0, -1.3e-05, 4e-06, 1.000017, 0.0, 0.003047, 0.001689, 0.003421, 1.0], "rotation": [0.99733, -0.059704, 0.042075, 0.0, 0.051821, 0.984358, 0.168446, 0.0, -0.051469, -0.165814, 0.984843, 0.0, 0.008263, 0.092011, -0.06531, 1.0]}, {"time": 1.606870412826538, "position": [1.000001, -8e-06, 1.4e-05, 0.0, 9e-06, 1.000006, -6e-06, 0.0, -1.3e-05, 5e-06, 1.000017, 0.0, 0.002977, 0.00178, 0.003347, 1.0], "rotation": [0.997375, -0.059167, 0.041756, 0.0, 0.051397, 0.984552, 0.167444, 0.0, -0.051014, -0.164856, 0.985027, 0.0, 0.008193, 0.09195, -0.065405, 1.0]}, {"time": 1.6569163799285889, "position": [1.000001, -1e-05, 1.4e-05, 0.0, 1e-05, 1.000005, -7e-06, 0.0, -1.3e-05, 6e-06, 1.000018, 0.0, 0.00303, 0.001774, 0.003351, 1.0], "rotation": [0.997365, -0.059322, 0.041779, 0.0, 0.051555, 0.984572, 0.16726, 0.0, -0.051053, -0.164663, 0.98506, 0.0, 0.008209, 0.091937, -0.065422, 1.0]}, {"time": 1.700059175491333, "position": [1.0, -1e-05, 1.4e-05, 0.0, 1e-05, 1.000005, -7e-06, 0.0, -1.2e-05, 6e-06, 1.000018, 0.0, 0.002935, 0.001778, 0.003259, 1.0], "rotation": [0.997415, -0.058518, 0.041693, 0.0, 0.050798, 0.984687, 0.166828, 0.0, -0.050812, -0.164277, 0.985137, 0.0, 0.008129, 0.091915, -0.065463, 1.0]}, {"time": 1.7469348907470703, "position": [1.000001, -1.1e-05, 1.4e-05, 0.0, 1.1e-05, 1.000006, -8e-06, 0.0, -1.2e-05, 7e-06, 1.000016, 0.0, 0.003033, 0.001762, 0.003285, 1.0], "rotation": [0.997399, -0.059108, 0.041258, 0.0, 0.051435, 0.984597, 0.167169, 0.0, -0.0505, -0.16461, 0.985093, 0.0, 0.008155, 0.091934, -0.065432, 1.0]}, {"time": 1.7904338836669922, "position": [0.999999, -0.0, 1.6e-05, 0.0, -0.0, 1.000006, -1e-06, 0.0, -1.4e-05, 0.0, 1.000013, 0.0, 0.003076, 0.00173, 0.003313, 1.0], "rotation": [0.997425, -0.058474, 0.041475, 0.0, 0.050797, 0.984714, 0.166668, 0.0, -0.050582, -0.164131, 0.985164, 0.0, 0.00811, 0.091905, -0.065478, 1.0]}, {"time": 1.8396937847137451, "position": [0.999998, 0.0, 1.6e-05, 0.0, -1e-06, 1.000006, 4e-06, 0.0, -1.4e-05, -4e-06, 1.000013, 0.0, 0.002924, 0.001756, 0.003359, 1.0], "rotation": [0.997429, -0.05824, 0.041625, 0.0, 0.050522, 0.984669, 0.167016, 0.0, -0.050709, -0.164484, 0.985098, 0.0, 0.008099, 0.09193, -0.065445, 1.0]}, {"time": 1.8906059265136719, "position": [0.999998, 1e-06, 1.6e-05, 0.0, -2e-06, 1.000005, 8e-06, 0.0, -1.4e-05, -8e-06, 1.000013, 0.0, 0.00291, 0.00171, 0.003538, 1.0], "rotation": [0.997354, -0.059204, 0.042055, 0.0, 0.051339, 0.984417, 0.168244, 0.0, -0.051356, -0.165639, 0.984871, 0.0, 0.008216, 0.092002, -0.065329, 1.0]}, {"time": 1.9334452152252197, "position": [0.999997, 1e-06, 1.6e-05, 0.0, -2e-06, 1.000005, 8e-06, 0.0, -1.4e-05, -9e-06, 1.000012, 0.0, 0.002892, 0.001687, 0.003535, 1.0], "rotation": [0.997311, -0.059364, 0.042835, 0.0, 0.051387, 0.984477, 0.167875, 0.0, -0.052131, -0.165222, 0.984898, 0.0, 0.008282, 0.091974, -0.065361, 1.0]}, {"time": 1.9803204536437988, "position": [0.999997, 1e-06, 1.6e-05, 0.0, -2e-06, 1.000006, 8e-06, 0.0, -1.5e-05, -9e-06, 1.000013, 0.0, 0.00293, 0.001699, 0.003624, 1.0], "rotation": [0.997209, -0.060038, 0.044251, 0.0, 0.051829, 0.984492, 0.167661, 0.0, -0.053626, -0.164899, 0.984874, 0.0, 0.008437, 0.091949, -0.065376, 1.0]}, {"time": 2.0261969566345215, "position": [0.999998, 2e-06, 1.6e-05, 0.0, -3e-06, 1.000006, 8e-06, 0.0, -1.4e-05, -9e-06, 1.000014, 0.0, 0.002999, 0.001698, 0.003724, 1.0], "rotation": [0.997308, -0.059007, 0.04343, 0.0, 0.050947, 0.984537, 0.167662, 0.0, -0.052647, -0.164998, 0.984913, 0.0, 0.008288, 0.09196, -0.065379, 1.0]}, {"time": 2.0730714797973633, "position": [0.999998, 2e-06, 1.6e-05, 0.0, -3e-06, 1.000006, 8e-06, 0.0, -1.4e-05, -9e-06, 1.000013, 0.0, 0.003079, 0.001682, 0.003819, 1.0], "rotation": [0.997346, -0.059206, 0.042243, 0.0, 0.051324, 0.984465, 0.167981, 0.0, -0.051528, -0.165366, 0.984909, 0.0, 0.008228, 0.091984, -0.065353, 1.0]}, {"time": 2.1209473609924316, "position": [0.999998, 1e-06, 1.6e-05, 0.0, -2e-06, 1.000005, 9e-06, 0.0, -1.4e-05, -9e-06, 1.000013, 0.0, 0.003233, 0.001605, 0.003835, 1.0], "rotation": [0.99746, -0.058437, 0.040582, 0.0, 0.050811, 0.98439, 0.168561, 0.0, -0.049794, -0.16607, 0.98488, 0.0, 0.008049, 0.092034, -0.065304, 1.0]}, {"time": 2.152857780456543, "position": [0.999997, 2e-06, 1.6e-05, 0.0, -3e-06, 1.000005, 9e-06, 0.0, -1.5e-05, -9e-06, 1.000013, 0.0, 0.003233, 0.001605, 0.003835, 1.0], "rotation": [0.997459, -0.058437, 0.040582, 0.0, 0.05081, 0.98439, 0.168561, 0.0, -0.049794, -0.16607, 0.98488, 0.0, 0.008049, 0.092034, -0.065304, 1.0]}, {"time": 2.1817853450775146, "position": [0.999997, 2e-06, 1.6e-05, 0.0, -3e-06, 1.000006, 9e-06, 0.0, -1.4e-05, -1e-05, 1.000012, 0.0, 0.003255, 0.001543, 0.003866, 1.0], "rotation": [0.997469, -0.058093, 0.040844, 0.0, 0.050365, 0.984206, 0.169785, 0.0, -0.050056, -0.167298, 0.984657, 0.0, 0.008034, 0.092118, -0.065189, 1.0]}, {"time": 2.1887638568878174, "position": [0.999997, 2e-06, 1.6e-05, 0.0, -3e-06, 1.000005, 9e-06, 0.0, -1.5e-05, -9e-06, 1.000013, 0.0, 0.003259, 0.001548, 0.003679, 1.0], "rotation": [0.997509, -0.057667, 0.04046, 0.0, 0.050066, 0.98441, 0.168671, 0.0, -0.049552, -0.166224, 0.984865, 0.0, 0.00797, 0.092048, -0.065294, 1.0]}, {"time": 2.22566294670105, "position": [0.999998, 2e-06, 1.6e-05, 0.0, -3e-06, 1.000005, 1e-05, 0.0, -1.4e-05, -1e-05, 1.000013, 0.0, 0.003373, 0.001493, 0.003563, 1.0], "rotation": [0.997452, -0.058795, 0.04027, 0.0, 0.051231, 0.98442, 0.168253, 0.0, -0.04953, -0.16576, 0.984944, 0.0, 0.008061, 0.092012, -0.065334, 1.0]}, {"time": 2.2296526432037354, "position": [0.999998, 2e-06, 1.6e-05, 0.0, -3e-06, 1.000005, 1e-05, 0.0, -1.4e-05, -1e-05, 1.000013, 0.0, 0.003373, 0.001493, 0.003563, 1.0], "rotation": [0.997453, -0.058795, 0.04027, 0.0, 0.051231, 0.98442, 0.168253, 0.0, -0.04953, -0.165761, 0.984944, 0.0, 0.008061, 0.092012, -0.065334, 1.0]}, {"time": 2.2706260681152344, "position": [0.999998, 2e-06, 1.6e-05, 0.0, -3e-06, 1.000006, 1e-05, 0.0, -1.5e-05, -1.1e-05, 1.000013, 0.0, 0.003318, 0.001499, 0.003674, 1.0], "rotation": [0.997448, -0.058356, 0.041023, 0.0, 0.05061, 0.984243, 0.169486, 0.0, -0.050263, -0.166976, 0.984702, 0.0, 0.00807, 0.092095, -0.065216, 1.0]}, {"time": 2.2936081886291504, "position": [0.999998, 3e-06, 1.6e-05, 0.0, -4e-06, 1.000005, 1.1e-05, 0.0, -1.4e-05, -1.1e-05, 1.000013, 0.0, 0.003335, 0.0015, 0.003685, 1.0], "rotation": [0.997372, -0.05905, 0.041844, 0.0, 0.051163, 0.984233, 0.169368, 0.0, -0.051181, -0.166781, 0.984688, 0.0, 0.008188, 0.092079, -0.065224, 1.0]}, {"time": 2.333458185195923, "position": [0.999997, 3e-06, 1.6e-05, 0.0, -4e-06, 1.000006, 1.2e-05, 0.0, -1.5e-05, -1.2e-05, 1.000013, 0.0, 0.003293, 0.001635, 0.00366, 1.0], "rotation": [0.997394, -0.058517, 0.042057, 0.0, 0.050652, 0.984427, 0.168401, 0.0, -0.051252, -0.16583, 0.984846, 0.0, 0.008153, 0.092018, -0.065314, 1.0]}, {"time": 2.3374481201171875, "position": [0.999997, 3e-06, 1.6e-05, 0.0, -4e-06, 1.000006, 1.2e-05, 0.0, -1.5e-05, -1.2e-05, 1.000014, 0.0, 0.003293, 0.001635, 0.00366, 1.0], "rotation": [0.997394, -0.058517, 0.042057, 0.0, 0.050652, 0.984427, 0.168401, 0.0, -0.051252, -0.16583, 0.984846, 0.0, 0.008153, 0.092018, -0.065314, 1.0]}, {"time": 2.3883113861083984, "position": [0.999997, 3e-06, 1.6e-05, 0.0, -4e-06, 1.000006, 1.3e-05, 0.0, -1.5e-05, -1.3e-05, 1.000013, 0.0, 0.003308, 0.001673, 0.003783, 1.0], "rotation": [0.997349, -0.058791, 0.04274, 0.0, 0.050804, 0.984402, 0.168507, 0.0, -0.051976, -0.165888, 0.984797, 0.0, 0.008223, 0.092021, -0.065302, 1.0]}, {"time": 2.3952925205230713, "position": [0.999997, 3e-06, 1.6e-05, 0.0, -4e-06, 1.000005, 1.3e-05, 0.0, -1.5e-05, -1.4e-05, 1.000013, 0.0, 0.003389, 0.001571, 0.003904, 1.0], "rotation": [0.99725, -0.059888, 0.043529, 0.0, 0.051751, 0.984335, 0.168594, 0.0, -0.052939, -0.165877, 0.984748, 0.0, 0.008375, 0.092015, -0.065291, 1.0]}, {"time": 2.4411702156066895, "position": [0.999997, 4e-06, 1.6e-05, 0.0, -5e-06, 1.000006, 1.4e-05, 0.0, -1.4e-05, -1.5e-05, 1.000013, 0.0, 0.003347, 0.001527, 0.003797, 1.0], "rotation": [0.997354, -0.058765, 0.04262, 0.0, 0.050888, 0.984687, 0.166804, 0.0, -0.051764, -0.164193, 0.985092, 0.0, 0.008212, 0.091908, -0.065462, 1.0]}, {"time": 2.4890432357788086, "position": [0.999998, 3e-06, 1.6e-05, 0.0, -4e-06, 1.000005, 1.5e-05, 0.0, -1.4e-05, -1.5e-05, 1.000012, 0.0, 0.003539, 0.001538, 0.003892, 1.0], "rotation": [0.997362, -0.059321, 0.041732, 0.0, 0.051523, 0.984455, 0.167964, 0.0, -0.051042, -0.165371, 0.984932, 0.0, 0.008205, 0.091984, -0.065356, 1.0]}, {"time": 2.5329246520996094, "position": [0.999998, 3e-06, 1.6e-05, 0.0, -4e-06, 1.000006, 1.5e-05, 0.0, -1.4e-05, -1.5e-05, 1.000013, 0.0, 0.00353, 0.001611, 0.003854, 1.0], "rotation": [0.99747, -0.058188, 0.040708, 0.0, 0.050564, 0.98447, 0.168177, 0.0, -0.049858, -0.165693, 0.984939, 0.0, 0.008034, 0.09201, -0.06534, 1.0]}, {"time": 2.580796718597412, "position": [0.999997, 4e-06, 1.6e-05, 0.0, -5e-06, 1.000006, 1.6e-05, 0.0, -1.4e-05, -1.6e-05, 1.000013, 0.0, 0.003572, 0.001612, 0.00373, 1.0], "rotation": [0.997434, -0.058309, 0.041359, 0.0, 0.050621, 0.984619, 0.167281, 0.0, -0.050472, -0.164758, 0.985065, 0.0, 0.008088, 0.091948, -0.065421, 1.0]}, {"time": 2.626784086227417, "position": [0.999998, 5e-06, 1.6e-05, 0.0, -6e-06, 1.000006, 1.6e-05, 0.0, -1.4e-05, -1.7e-05, 1.000013, 0.0, 0.00355, 0.001495, 0.003637, 1.0], "rotation": [0.99745, -0.058366, 0.040929, 0.0, 0.050733, 0.984564, 0.167575, 0.0, -0.050073, -0.165072, 0.985033, 0.0, 0.008065, 0.091968, -0.065395, 1.0]}, {"time": 2.749459981918335, "position": [0.999998, 5e-06, 1.6e-05, 0.0, -6e-06, 1.000006, 1.7e-05, 0.0, -1.4e-05, -1.8e-05, 1.000013, 0.0, 0.00345, 0.001561, 0.003578, 1.0], "rotation": [0.997443, -0.058395, 0.041092, 0.0, 0.050704, 0.984463, 0.168178, 0.0, -0.05027, -0.165665, 0.984924, 0.0, 0.008078, 0.092008, -0.065338, 1.0]}, {"time": 2.751450777053833, "position": [0.999998, 6e-06, 1.6e-05, 0.0, -7e-06, 1.000005, 1.7e-05, 0.0, -1.4e-05, -1.7e-05, 1.000013, 0.0, 0.00345, 0.001617, 0.003474, 1.0], "rotation": [0.997412, -0.059153, 0.040751, 0.0, 0.051534, 0.984505, 0.167671, 0.0, -0.050033, -0.165136, 0.985024, 0.0, 0.008126, 0.091969, -0.065387, 1.0]}, {"time": 2.7534825801849365, "position": [0.999998, 6e-06, 1.6e-05, 0.0, -7e-06, 1.000006, 1.7e-05, 0.0, -1.4e-05, -1.8e-05, 1.000013, 0.0, 0.00345, 0.001617, 0.003474, 1.0], "rotation": [0.997412, -0.059153, 0.040751, 0.0, 0.051534, 0.984506, 0.167671, 0.0, -0.050033, -0.165137, 0.985024, 0.0, 0.008126, 0.091969, -0.065387, 1.0]}, {"time": 2.780372142791748, "position": [0.999997, 6e-06, 1.6e-05, 0.0, -7e-06, 1.000005, 1.8e-05, 0.0, -1.4e-05, -1.8e-05, 1.000013, 0.0, 0.003354, 0.001555, 0.003513, 1.0], "rotation": [0.997418, -0.058867, 0.041007, 0.0, 0.051189, 0.984451, 0.168092, 0.0, -0.050259, -0.165559, 0.984942, 0.0, 0.008116, 0.091998, -0.065347, 1.0]}, {"time": 2.8250675201416016, "position": [0.999998, 6e-06, 1.6e-05, 0.0, -7e-06, 1.000005, 1.8e-05, 0.0, -1.4e-05, -1.9e-05, 1.000013, 0.0, 0.00327, 0.001527, 0.003413, 1.0], "rotation": [0.997319, -0.060282, 0.041401, 0.0, 0.052526, 0.984399, 0.167972, 0.0, -0.050876, -0.165346, 0.984946, 0.0, 0.008272, 0.091977, -0.065357, 1.0]}, {"time": 2.872612476348877, "position": [0.999998, 5e-06, 1.6e-05, 0.0, -6e-06, 1.000005, 1.9e-05, 0.0, -1.5e-05, -2e-05, 1.000013, 0.0, 0.003226, 0.001525, 0.003513, 1.0], "rotation": [0.997232, -0.060812, 0.042652, 0.0, 0.052793, 0.984227, 0.168901, 0.0, -0.052246, -0.166182, 0.984733, 0.0, 0.008403, 0.09203, -0.065265, 1.0]}, {"time": 2.922478675842285, "position": [0.999998, 5e-06, 1.6e-05, 0.0, -6e-06, 1.000006, 2e-05, 0.0, -1.4e-05, -2e-05, 1.000014, 0.0, 0.003197, 0.001596, 0.003589, 1.0], "rotation": [0.997221, -0.060042, 0.043982, 0.0, 0.051834, 0.984354, 0.168472, 0.0, -0.053405, -0.165724, 0.98475, 0.0, 0.008419, 0.092004, -0.065301, 1.0]}, {"time": 2.9668960571289062, "position": [0.999997, 4e-06, 1.6e-05, 0.0, -5e-06, 1.000006, 2.1e-05, 0.0, -1.5e-05, -2.1e-05, 1.000013, 0.0, 0.003204, 0.001583, 0.003645, 1.0], "rotation": [0.997305, -0.058981, 0.043498, 0.0, 0.050871, 0.984415, 0.168408, 0.0, -0.052749, -0.165741, 0.98478, 0.0, 0.00829, 0.09201, -0.065309, 1.0]}, {"time": 3.018746852874756, "position": [0.999997, 4e-06, 1.6e-05, 0.0, -5e-06, 1.000006, 2.1e-05, 0.0, -1.5e-05, -2.1e-05, 1.000013, 0.0, 0.003318, 0.001622, 0.003647, 1.0], "rotation": [0.997335, -0.059027, 0.042724, 0.0, 0.051072, 0.984492, 0.167893, 0.0, -0.051967, -0.165262, 0.984902, 0.0, 0.008243, 0.091978, -0.06536, 1.0]}, {"time": 3.0606343746185303, "position": [0.999997, 3e-06, 1.6e-05, 0.0, -4e-06, 1.000006, 2.2e-05, 0.0, -1.5e-05, -2.2e-05, 1.000013, 0.0, 0.003428, 0.001631, 0.003667, 1.0], "rotation": [0.997403, -0.058725, 0.041548, 0.0, 0.05096, 0.984468, 0.168069, 0.0, -0.050768, -0.165514, 0.984923, 0.0, 0.008138, 0.091996, -0.065347, 1.0]}, {"time": 3.1065115928649902, "position": [0.999998, 2e-06, 1.6e-05, 0.0, -3e-06, 1.000006, 2.2e-05, 0.0, -1.4e-05, -2.3e-05, 1.000013, 0.0, 0.003482, 0.001633, 0.003631, 1.0], "rotation": [0.997386, -0.058982, 0.041642, 0.0, 0.051208, 0.984492, 0.167853, 0.0, -0.050891, -0.16528, 0.984956, 0.0, 0.008168, 0.091979, -0.065367, 1.0]}, {"time": 3.1534295082092285, "position": [0.999998, 1e-06, 1.6e-05, 0.0, -2e-06, 1.000006, 2.3e-05, 0.0, -1.5e-05, -2.3e-05, 1.000013, 0.0, 0.00343, 0.001591, 0.003458, 1.0], "rotation": [0.997351, -0.058941, 0.042481, 0.0, 0.051066, 0.984618, 0.167155, 0.0, -0.051675, -0.164543, 0.985038, 0.0, 0.008219, 0.09193, -0.065429, 1.0]}, {"time": 3.1992645263671875, "position": [0.999997, 1e-06, 1.6e-05, 0.0, -2e-06, 1.000006, 2.3e-05, 0.0, -1.4e-05, -2.4e-05, 1.000013, 0.0, 0.003404, 0.001532, 0.003531, 1.0], "rotation": [0.997353, -0.058896, 0.042488, 0.0, 0.050942, 0.984372, 0.168632, 0.0, -0.051751, -0.166021, 0.984785, 0.0, 0.008216, 0.092029, -0.065291, 1.0]}, {"time": 3.2471394538879395, "position": [0.999997, 0.0, 1.6e-05, 0.0, -2e-06, 1.000005, 2.4e-05, 0.0, -1.4e-05, -2.4e-05, 1.000013, 0.0, 0.003403, 0.001486, 0.003539, 1.0], "rotation": [0.997297, -0.059352, 0.043169, 0.0, 0.051239, 0.984225, 0.169396, 0.0, -0.052537, -0.166725, 0.984625, 0.0, 0.008302, 0.092074, -0.065217, 1.0]}, {"time": 3.2920451164245605, "position": [0.999998, 0.0, 1.6e-05, 0.0, -1e-06, 1.000006, 2.4e-05, 0.0, -1.4e-05, -2.5e-05, 1.000013, 0.0, 0.003391, 0.001676, 0.003489, 1.0], "rotation": [0.997289, -0.059399, 0.043344, 0.0, 0.051301, 0.984368, 0.168556, 0.0, -0.052673, -0.165875, 0.984761, 0.0, 0.008318, 0.092017, -0.065295, 1.0]}, {"time": 3.3402645587921143, "position": [0.999997, 0.0, 1.6e-05, 0.0, -1e-06, 1.000005, 2.4e-05, 0.0, -1.4e-05, -2.5e-05, 1.000013, 0.0, 0.003465, 0.001621, 0.003504, 1.0], "rotation": [0.997217, -0.060089, 0.043974, 0.0, 0.051921, 0.984469, 0.167755, 0.0, -0.053367, -0.165005, 0.984871, 0.0, 0.008423, 0.091956, -0.065368, 1.0]}, {"time": 3.3911285400390625, "position": [0.999998, 0.0, 1.6e-05, 0.0, -1e-06, 1.000006, 2.4e-05, 0.0, -1.5e-05, -2.4e-05, 1.000013, 0.0, 0.003493, 0.001561, 0.003534, 1.0], "rotation": [0.997385, -0.058677, 0.04209, 0.0, 0.050855, 0.984582, 0.167433, 0.0, -0.051261, -0.164854, 0.985007, 0.0, 0.00817, 0.091952, -0.065405, 1.0]}, {"time": 3.4330198764801025, "position": [0.999998, -1e-06, 1.6e-05, 0.0, -0.0, 1.000006, 2.5e-05, 0.0, -1.5e-05, -2.5e-05, 1.000013, 0.0, 0.003549, 0.001596, 0.003539, 1.0], "rotation": [0.997376, -0.058947, 0.041913, 0.0, 0.051139, 0.984527, 0.167675, 0.0, -0.051144, -0.165091, 0.984974, 0.0, 0.008183, 0.091967, -0.065383, 1.0]}, {"time": 3.478165626525879, "position": [0.999997, -1e-06, 1.6e-05, 0.0, -0.0, 1.000006, 2.4e-05, 0.0, -1.4e-05, -2.5e-05, 1.000013, 0.0, 0.003579, 0.001614, 0.003638, 1.0], "rotation": [0.997393, -0.059116, 0.041221, 0.0, 0.051367, 0.984339, 0.168699, 0.0, -0.050543, -0.166141, 0.98483, 0.0, 0.008153, 0.092036, -0.065289, 1.0]}, {"time": 3.5240416526794434, "position": [0.999998, -0.0, 1.6e-05, 0.0, -1e-06, 1.000005, 2.4e-05, 0.0, -1.4e-05, -2.5e-05, 1.000013, 0.0, 0.003373, 0.001617, 0.003715, 1.0], "rotation": [0.99733, -0.058967, 0.042965, 0.0, 0.050913, 0.984308, 0.169006, 0.0, -0.052252, -0.166367, 0.984701, 0.0, 0.008253, 0.092052, -0.065254, 1.0]}, {"time": 3.5570318698883057, "position": [0.999997, -0.0, 1.6e-05, 0.0, -1e-06, 1.000006, 2.4e-05, 0.0, -1.5e-05, -2.5e-05, 1.000013, 0.0, 0.003345, 0.001569, 0.003747, 1.0], "rotation": [0.997299, -0.059341, 0.043132, 0.0, 0.051266, 0.984326, 0.168802, 0.0, -0.052468, -0.166135, 0.984729, 0.0, 0.008299, 0.092034, -0.065273, 1.0]}, {"time": 3.561021089553833, "position": [0.999998, -0.0, 1.6e-05, 0.0, -1e-06, 1.000006, 2.4e-05, 0.0, -1.5e-05, -2.5e-05, 1.000013, 0.0, 0.003345, 0.001569, 0.003747, 1.0], "rotation": [0.9973, -0.059342, 0.043132, 0.0, 0.051266, 0.984326, 0.168802, 0.0, -0.052469, -0.166135, 0.98473, 0.0, 0.008299, 0.092034, -0.065273, 1.0]}, {"time": 3.600008964538574, "position": [0.999998, -1e-06, 1.6e-05, 0.0, -1e-06, 1.000006, 2.4e-05, 0.0, -1.4e-05, -2.5e-05, 1.000013, 0.0, 0.00316, 0.001682, 0.003576, 1.0], "rotation": [0.997366, -0.058911, 0.042201, 0.0, 0.051102, 0.98468, 0.166785, 0.0, -0.051375, -0.164189, 0.985115, 0.0, 0.008198, 0.091907, -0.065465, 1.0]}, {"time": 3.6039977073669434, "position": [0.999998, -0.0, 1.6e-05, 0.0, -1e-06, 1.000007, 2.4e-05, 0.0, -1.4e-05, -2.5e-05, 1.000013, 0.0, 0.00316, 0.001682, 0.003576, 1.0], "rotation": [0.997366, -0.058911, 0.042201, 0.0, 0.051102, 0.984681, 0.166785, 0.0, -0.051375, -0.164189, 0.985115, 0.0, 0.008198, 0.091907,