{"id": 1615903587.0718331, "camera": [{"time": 0.009036064147949219, "position": [1.000001, -3e-06, -6e-06, 0.0, 2e-06, 1.0, -3e-06, 0.0, 4e-06, 4e-06, 1.000015, 0.0, 0.000691, 0.000408, 0.001452, 1.0], "rotation": [0.999532, -0.030547, -0.003577, 0.0, 0.030587, 0.999461, 0.012133, 0.0, 0.0032, -0.012235, 0.999945, 0.0, 0.002191, 0.080935, -0.079023, 1.0]}, {"time": 0.011968374252319336, "position": [1.000001, -3e-06, -6e-06, 0.0, 2e-06, 1.000001, -3e-06, 0.0, 4e-06, 4e-06, 1.000016, 0.0, 0.000732, 0.000437, 0.001532, 1.0], "rotation": [0.99951, -0.031393, -0.00198, 0.0, 0.031414, 0.99943, 0.012753, 0.0, 0.001575, -0.012808, 0.999943, 0.0, 0.002387, 0.080978, -0.078973, 1.0]}, {"time": 0.016598224639892578, "position": [1.000002, -3e-06, -5e-06, 0.0, 2e-06, 1.000001, -3e-06, 0.0, 4e-06, 4e-06, 1.000016, 0.0, 0.000656, 0.000511, 0.001588, 1.0], "rotation": [0.99955, -0.030211, -0.000356, 0.0, 0.030212, 0.999469, 0.012615, 0.0, -2.8e-05, -0.012618, 0.999947, 0.0, 0.002419, 0.080966, -0.078984, 1.0]}, {"time": 0.020522117614746094, "position": [1.000001, -3e-06, -6e-06, 0.0, 2e-06, 1.000001, -3e-06, 0.0, 4e-06, 3e-06, 1.000015, 0.0, 0.000656, 0.000511, 0.001588, 1.0], "rotation": [0.999549, -0.030211, -0.000356, 0.0, 0.030213, 0.99947, 0.012615, 0.0, -2.9e-05, -0.012619, 0.999946, 0.0, 0.002419, 0.080966, -0.078984, 1.0]}, {"time": 0.024512767791748047, "position": [1.000002, -3e-06, -6e-06, 0.0, 2e-06, 1.000001, -3e-06, 0.0, 4e-06, 3e-06, 1.000015, 0.0, 0.000681, 0.000572, 0.001645, 1.0], "rotation": [0.99955, -0.030186, -0.001341, 0.0, 0.030198, 0.999479, 0.011802, 0.0, 0.00098, -0.011836, 0.999954, 0.0, 0.002338, 0.080904, -0.07905, 1.0]}, {"time": 0.1380603313446045, "position": [1.000002, -3e-06, -5e-06, 0.0, 3e-06, 1.0, -2e-06, 0.0, 4e-06, 3e-06, 1.000015, 0.0, 0.000765, 0.000572, 0.001671, 1.0], "rotation": [0.999543, -0.03032, -0.002654, 0.0, 0.030345, 0.999487, 0.010392, 0.0, 0.002334, -0.010466, 0.999967, 0.0, 0.002241, 0.080796, -0.079164, 1.0]}, {"time": 0.15224766731262207, "position": [1.000002, -3e-06, -6e-06, 0.0, 3e-06, 1.0, -3e-06, 0.0, 4e-06, 3e-06, 1.000015, 0.0, 0.000969, 0.000589, 0.001824, 1.0], "rotation": [0.999549, -0.030161, -0.002425, 0.0, 0.030182, 0.999501, 0.009706, 0.0, 0.002127, -0.009773, 0.999976, 0.0, 0.002245, 0.080741, -0.079219, 1.0]}, {"time": 0.1929018497467041, "position": [1.000001, -3e-06, -6e-06, 0.0, 2e-06, 1.0, -3e-06, 0.0, 4e-06, 3e-06, 1.000016, 0.0, 0.001014, 0.00062, 0.001902, 1.0], "rotation": [0.999567, -0.029525, -0.002473, 0.0, 0.029548, 0.999512, 0.010452, 0.0, 0.00216, -0.010519, 0.999969, 0.0, 0.002191, 0.080802, -0.079159, 1.0]}, {"time": 0.2510988712310791, "position": [1.000002, -3e-06, -5e-06, 0.0, 3e-06, 1.000001, -3e-06, 0.0, 4e-06, 4e-06, 1.000016, 0.0, 0.001104, 0.000599, 0.001863, 1.0], "rotation": [0.999582, -0.029035, -0.00225, 0.0, 0.029056, 0.99953, 0.010197, 0.0, 0.00195, -0.010257, 0.999972, 0.0, 0.002169, 0.080782, -0.07918, 1.0]}, {"time": 0.26667332649230957, "position": [1.000002, -3e-06, -6e-06, 0.0, 3e-06, 1.0, -3e-06, 0.0, 4e-06, 4e-06, 1.000015, 0.0, 0.001197, 0.000572, 0.001801, 1.0], "rotation": [0.999592, -0.028634, -0.002698, 0.0, 0.028658, 0.999546, 0.009698, 0.0, 0.002415, -0.00977, 0.999974, 0.0, 0.0021, 0.080744, -0.07922, 1.0]}, {"time": 0.39774131774902344, "position": [1.000001, -3e-06, -5e-06, 0.0, 3e-06, 1.0, -3e-06, 0.0, 4e-06, 3e-06, 1.000016, 0.0, 0.00125, 0.000638, 0.001786, 1.0], "rotation": [0.999589, -0.028623, -0.003359, 0.0, 0.028654, 0.999546, 0.009647, 0.0, 0.003079, -0.009738, 0.999974, 0.0, 0.002046, 0.080742, -0.079224, 1.0]}, {"time": 0.4027259349822998, "position": [1.000001, -3e-06, -5e-06, 0.0, 3e-06, 1.0, -3e-06, 0.0, 4e-06, 4e-06, 1.000016, 0.0, 0.001217, 0.000675, 0.001735, 1.0], "rotation": [0.999594, -0.028523, -0.002777, 0.0, 0.028546, 0.999553, 0.009218, 0.0, 0.00251, -0.009292, 0.99998, 0.0, 0.002083, 0.080707, -0.079259, 1.0]}, {"time": 0.40877366065979004, "position": [1.000001, -3e-06, -5e-06, 0.0, 3e-06, 1.0, -3e-06, 0.0, 4e-06, 4e-06, 1.000016, 0.0, 0.001217, 0.000675, 0.001735, 1.0], "rotation": [0.999594, -0.028523, -0.002777, 0.0, 0.028546, 0.999554, 0.009218, 0.0, 0.00251, -0.009292, 0.99998, 0.0, 0.002083, 0.080707, -0.079259, 1.0]}, {"time": 0.5120058059692383, "position": [1.000002, -3e-06, -6e-06, 0.0, 3e-06, 1.000001, -3e-06, 0.0, 4e-06, 4e-06, 1.000016, 0.0, 0.001139, 0.00066, 0.001788, 1.0], "rotation": [0.999596, -0.028587, -0.002374, 0.0, 0.028607, 0.999551, 0.009539, 0.0, 0.002096, -0.009602, 0.999978, 0.0, 0.002121, 0.080731, -0.079233, 1.0]}, {"time": 0.5177993774414062, "position": [1.000002, -3e-06, -5e-06, 0.0, 3e-06, 1.000001, -3e-06, 0.0, 4e-06, 3e-06, 1.000016, 0.0, 0.001127, 0.000638, 0.001806, 1.0], "rotation": [0.999581, -0.029044, -0.002567, 0.0, 0.029066, 0.999537, 0.009483, 0.0, 0.002288, -0.009552, 0.999978, 0.0, 0.002142, 0.080726, -0.079237, 1.0]}, {"time": 0.5207526683807373, "position": [1.000001, -3e-06, -5e-06, 0.0, 3e-06, 1.000001, -3e-06, 0.0, 4e-06, 3e-06, 1.000015, 0.0, 0.001127, 0.000638, 0.001806, 1.0], "rotation": [0.99958, -0.029044, -0.002567, 0.0, 0.029066, 0.999538, 0.009483, 0.0, 0.002288, -0.009552, 0.999978, 0.0, 0.002142, 0.080726, -0.079237, 1.0]}, {"time": 0.5227987766265869, "position": [1.000001, -4e-06, -5e-06, 0.0, 3e-06, 1.000001, -3e-06, 0.0, 4e-06, 3e-06, 1.000015, 0.0, 0.001051, 0.000715, 0.001821, 1.0], "rotation": [0.999581, -0.029011, -0.00237, 0.0, 0.029031, 0.999539, 0.009471, 0.0, 0.002091, -0.009535, 0.999978, 0.0, 0.002155, 0.080725, -0.079238, 1.0]}, {"time": 1.0016295909881592, "position": [1.000001, -4e-06, -6e-06, 0.0, 3e-06, 1.000001, -3e-06, 0.0, 4e-06, 3e-06, 1.000015, 0.0, 0.001, 0.000714, 0.001839, 1.0], "rotation": [0.999586, -0.028852, -0.002006, 0.0, 0.028869, 0.999543, 0.009587, 0.0, 0.001724, -0.009639, 0.999978, 0.0, 0.002172, 0.080733, -0.079229, 1.0]}, {"time": 1.0104670524597168, "position": [1.000001, -4e-06, -6e-06, 0.0, 3e-06, 1.0, -3e-06, 0.0, 3e-06, 3e-06, 1.000015, 0.0, 0.001083, 0.000754, 0.001943, 1.0], "rotation": [0.999565, -0.029513, -0.003136, 0.0, 0.029541, 0.99952, 0.009602, 0.0, 0.002846, -0.009689, 0.999973, 0.0, 0.002136, 0.080736, -0.079228, 1.0]}, {"time": 1.0154547691345215, "position": [1.000001, -4e-06, -6e-06, 0.0, 3e-06, 1.0, -2e-06, 0.0, 4e-06, 4e-06, 1.000015, 0.0, 0.001083, 0.000754, 0.001942, 1.0], "rotation": [0.999565, -0.029513, -0.003135, 0.0, 0.02954, 0.999521, 0.009602, 0.0, 0.002846, -0.009689, 0.999974, 0.0, 0.002136, 0.080736, -0.079228, 1.0]}, {"time": 1.1227295398712158, "position": [1.000001, -4e-06, -6e-06, 0.0, 3e-06, 1.000001, -3e-06, 0.0, 4e-06, 4e-06, 1.000016, 0.0, 0.001213, 0.000753, 0.00198, 1.0], "rotation": [0.99956, -0.029737, -0.002393, 0.0, 0.029756, 0.999521, 0.008999, 0.0, 0.00212, -0.009065, 0.999983, 0.0, 0.002211, 0.080686, -0.079276, 1.0]}, {"time": 1.1249096393585205, "position": [1.000001, -3e-06, -6e-06, 0.0, 3e-06, 1.000001, -3e-06, 0.0, 4e-06, 4e-06, 1.000015, 0.0, 0.001289, 0.000781, 0.002011, 1.0], "rotation": [0.999606, -0.028136, -0.002493, 0.0, 0.028153, 0.999579, 0.007705, 0.0, 0.002271, -0.007771, 0.999992, 0.0, 0.002071, 0.080587, -0.079381, 1.0]}, {"time": 1.1267201900482178, "position": [1.000002, -4e-06, -5e-06, 0.0, 3e-06, 1.000001, -3e-06, 0.0, 4e-06, 4e-06, 1.000015, 0.0, 0.001422, 0.000808, 0.002018, 1.0], "rotation": [0.999585, -0.028744, -0.00406, 0.0, 0.028772, 0.999563, 0.007512, 0.0, 0.003839, -0.007625, 0.999989, 0.0, 0.001995, 0.080574, -0.079396, 1.0]}, {"time": 1.2407054901123047, "position": [1.000002, -3e-06, -6e-06, 0.0, 3e-06, 1.000001, -3e-06, 0.0, 4e-06, 4e-06, 1.000016, 0.0, 0.001453, 0.000839, 0.002045, 1.0], "rotation": [0.99962, -0.02764, -0.003231, 0.0, 0.027663, 0.999597, 0.007362, 0.0, 0.003023, -0.007447, 0.999994, 0.0, 0.001971, 0.080562, -0.079408, 1.0]}, {"time": 1.2426996231079102, "position": [1.000001, -3e-06, -6e-06, 0.0, 3e-06, 1.0, -3e-06, 0.0, 4e-06, 4e-06, 1.000015, 0.0, 0.00145, 0.000776, 0.002081, 1.0], "rotation": [0.999621, -0.027556, -0.003177, 0.0, 0.027578, 0.999595, 0.007452, 0.0, 0.002967, -0.007536, 0.999992, 0.0, 0.001969, 0.08057, -0.079401, 1.0]}, {"time": 1.2626855373382568, "position": [1.000002, -3e-06, -6e-06, 0.0, 3e-06, 1.000001, -3e-06, 0.0, 4e-06, 4e-06, 1.000016, 0.0, 0.001441, 0.000764, 0.002101, 1.0], "rotation": [0.999623, -0.02745, -0.003634, 0.0, 0.027477, 0.999597, 0.007756, 0.0, 0.003415, -0.007852, 0.99999, 0.0, 0.001925, 0.080595, -0.079376, 1.0]}, {"time": 1.2717347145080566, "position": [1.000001, -3e-06, -5e-06, 0.0, 3e-06, 1.000001, -3e-06, 0.0, 4e-06, 4e-06, 1.000015, 0.0, 0.001173, 0.000749, 0.00215, 1.0], "rotation": [0.999611, -0.027939, -0.002909, 0.0, 0.027958, 0.999588, 0.007162, 0.0, 0.002704, -0.00724, 0.999996, 0.0, 0.00202, 0.080545, -0.079424, 1.0]}, {"time": 1.2736625671386719, "position": [1.000001, -3e-06, -6e-06, 0.0, 3e-06, 1.0, -3e-06, 0.0, 4e-06, 4e-06, 1.000015, 0.0, 0.001208, 0.000791, 0.002124, 1.0], "rotation": [0.999585, -0.028821, -0.003069, 0.0, 0.028841, 0.999562, 0.007045, 0.0, 0.002861, -0.007129, 0.999994, 0.0, 0.002079, 0.080534, -0.079434, 1.0]}, {"time": 1.332900047302246, "position": [1.000002, -3e-06, -6e-06, 0.0, 3e-06, 1.000001, -3e-06, 0.0, 4e-06, 4e-06, 1.000016, 0.0, 0.001168, 0.000829, 0.002123, 1.0], "rotation": [0.999565, -0.02948, -0.003511, 0.0, 0.029504, 0.999543, 0.00733, 0.0, 0.003289, -0.00743, 0.999995, 0.0, 0.002097, 0.080557, -0.079411, 1.0]}, {"time": 1.336378574371338, "position": [1.000001, -3e-06, -6e-06, 0.0, 3e-06, 1.000001, -3e-06, 0.0, 4e-06, 4e-06, 1.000015, 0.0, 0.001132, 0.000843, 0.002117, 1.0], "rotation": [0.999573, -0.029244, -0.002575, 0.0, 0.029262, 0.999547, 0.007672, 0.0, 0.002346, -0.007743, 0.999993, 0.0, 0.002153, 0.080582, -0.079383, 1.0]}, {"time": 1.3967552185058594, "position": [1.000002, -3e-06, -6e-06, 0.0, 3e-06, 1.0, -3e-06, 0.0, 4e-06, 4e-06, 1.000015, 0.0, 0.001149, 0.000815, 0.002073, 1.0], "rotation": [0.999592, -0.028748, -0.001672, 0.0, 0.028759, 0.999558, 0.007872, 0.0, 0.001441, -0.007915, 0.999991, 0.0, 0.002186, 0.080597, -0.079368, 1.0]}, {"time": 1.3993070125579834, "position": [1.000002, -4e-06, -6e-06, 0.0, 3e-06, 1.0, -3e-06, 0.0, 4e-06, 4e-06, 1.000015, 0.0, 0.001183, 0.000767, 0.002067, 1.0], "rotation": [0.999594, -0.028665, -0.002232, 0.0, 0.028681, 0.99956, 0.008104, 0.0, 0.001995, -0.008164, 0.999989, 0.0, 0.002135, 0.080617, -0.079349, 1.0]}, {"time": 1.4015889167785645, "position": [1.000001, -3e-06, -6e-06, 0.0, 3e-06, 1.0, -3e-06, 0.0, 4e-06, 3e-06, 1.000014, 0.0, 0.001183, 0.000768, 0.002067, 1.0], "rotation": [0.999593, -0.028665, -0.002232, 0.0, 0.028681, 0.99956, 0.008104, 0.0, 0.001995, -0.008164, 0.999988, 0.0, 0.002135, 0.080617, -0.079349, 1.0]}, {"time": 1.535175085067749, "position": [1.000001, -3e-06, -6e-06, 0.0, 3e-06, 1.0, -3e-06, 0.0, 4e-06, 4e-06, 1.000015, 0.0, 0.001328, 0.000775, 0.002081, 1.0], "rotation": [0.999604, -0.027987, -0.004348, 0.0, 0.028021, 0.999575, 0.008386, 0.0, 0.004108, -0.008503, 0.999981, 0.0, 0.001913, 0.080645, -0.079325, 1.0]}, {"time": 1.5386810302734375, "position": [1.000002, -3e-06, -5e-06, 0.0, 3e-06, 1.0, -3e-06, 0.0, 4e-06, 4e-06, 1.000016, 0.0, 0.001338, 0.00081, 0.002092, 1.0], "rotation": [0.999617, -0.027547, -0.00444, 0.0, 0.027581, 0.999591, 0.008116, 0.0, 0.004212, -0.008234, 0.999984, 0.0, 0.00187, 0.080625, -0.079347, 1.0]}, {"time": 1.541513442993164, "position": [1.000001, -3e-06, -6e-06, 0.0, 3e-06, 1.0, -3e-06, 0.0, 4e-06, 4e-06, 1.000015, 0.0, 0.001373, 0.000821, 0.002091, 1.0], "rotation": [0.999622, -0.027399, -0.004209, 0.0, 0.02743, 0.999597, 0.00781, 0.0, 0.00399, -0.007921, 0.999986, 0.0, 0.001875, 0.0806, -0.079372, 1.0]}, {"time": 1.545503854751587, "position": [1.000002, -4e-06, -6e-06, 0.0, 3e-06, 1.0, -3e-06, 0.0, 4e-06, 4e-06, 1.000015, 0.0, 0.001402, 0.000861, 0.00214, 1.0], "rotation": [0.999631, -0.027099, -0.004045, 0.0, 0.027127, 0.999607, 0.007532, 0.0, 0.003835, -0.007638, 0.999989, 0.0, 0.001864, 0.080579, -0.079394, 1.0]}, {"time": 1.5485796928405762, "position": [1.000001, -4e-06, -6e-06, 0.0, 3e-06, 1.000001, -3e-06, 0.0, 4e-06, 4e-06, 1.000015, 0.0, 0.001407, 0.00091, 0.002149, 1.0], "rotation": [0.999618, -0.027508, -0.004234, 0.0, 0.027537, 0.9996, 0.007304, 0.0, 0.004027, -0.007417, 0.999989, 0.0, 0.001881, 0.08056, -0.079413, 1.0]}, {"time": 1.5517890453338623, "position": [1.000002, -3e-06, -6e-06, 0.0, 3e-06, 1.000002, -3e-06, 0.0, 4e-06, 4e-06, 1.000015, 0.0, 0.001407, 0.00091, 0.002149, 1.0], "rotation": [0.999619, -0.027508, -0.004234, 0.0, 0.027537, 0.999601, 0.007304, 0.0, 0.004027, -0.007417, 0.99999, 0.0, 0.001881, 0.08056, -0.079413, 1.0]}, {"time": 1.5547807216644287, "position": [1.000002, -3e-06, -5e-06, 0.0, 3e-06, 1.0, -3e-06, 0.0, 4e-06, 4e-06, 1.000016, 0.0, 0.001236, 0.000877, 0.002173, 1.0], "rotation": [0.999624, -0.027451, -0.003195, 0.0, 0.027472, 0.999601, 0.007154, 0.0, 0.002994, -0.007238, 0.999996, 0.0, 0.001958, 0.080546, -0.079425, 1.0]}, {"time": 1.5588161945343018, "position": [1.000001, -3e-06, -6e-06, 0.0, 3e-06, 1.000001, -3e-06, 0.0, 4e-06, 4e-06, 1.000016, 0.0, 0.00118, 0.000863, 0.00223, 1.0], "rotation": [0.999618, -0.027574, -0.003245, 0.0, 0.027596, 0.999595, 0.007591, 0.0, 0.00303, -0.007676, 0.999992, 0.0, 0.001965, 0.080581, -0.07939, 1.0]}, {"time": 1.590857744216919, "position": [1.000002, -3e-06, -5e-06, 0.0, 3e-06, 1.000001, -3e-06, 0.0, 4e-06, 4e-06, 1.000015, 0.0, 0.001145, 0.000829, 0.00236, 1.0], "rotation": [0.999594, -0.028563, -0.003484, 0.0, 0.028587, 0.999567, 0.007525, 0.0, 0.003265, -0.007621, 0.999992, 0.0, 0.002026, 0.080574, -0.079395, 1.0]}, {"time": 1.6387314796447754, "position": [1.000001, -3e-06, -6e-06, 0.0, 3e-06, 1.0, -3e-06, 0.0, 4e-06, 4e-06, 1.000015, 0.0, 0.001139, 0.000804, 0.002307, 1.0], "rotation": [0.999594, -0.02858, -0.002249, 0.0, 0.028592, 0.999574, 0.006306, 0.0, 0.002063, -0.006366, 1.000003, 0.0, 0.002122, 0.080474, -0.079494, 1.0]}, {"time": 1.6963074207305908, "position": [1.000001, -4e-06, -6e-06, 0.0, 3e-06, 1.0, -3e-06, 0.0, 4e-06, 5e-06, 1.000016, 0.0, 0.001099, 0.000884, 0.002283, 1.0], "rotation": [0.999588, -0.028716, -0.002799, 0.0, 0.028731, 0.99957, 0.006064, 0.0, 0.00262, -0.00614, 1.000005, 0.0, 0.002089, 0.080456, -0.079513, 1.0]}, {"time": 1.7012314796447754, "position": [1.000001, -4e-06, -5e-06, 0.0, 3e-06, 1.0, -3e-06, 0.0, 4e-06, 4e-06, 1.000016, 0.0, 0.001099, 0.000884, 0.002283, 1.0], "rotation": [0.999589, -0.028716, -0.002799, 0.0, 0.028731, 0.999571, 0.006064, 0.0, 0.00262, -0.006141, 1.000004, 0.0, 0.002089, 0.080456, -0.079513, 1.0]}, {"time": 1.7536582946777344, "position": [1.000002, -3e-06, -5e-06, 0.0, 3e-06, 1.000001, -3e-06, 0.0, 4e-06, 4e-06, 1.000016, 0.0, 0.001142, 0.00094, 0.002242, 1.0], "rotation": [0.999583, -0.028957, -0.002769, 0.0, 0.028973, 0.999566, 0.006101, 0.0, 0.002589, -0.006177, 1.000005, 0.0, 0.002111, 0.080458, -0.07951, 1.0]}, {"time": 1.7919895648956299, "position": [1.000002, -4e-06, -6e-06, 0.0, 3e-06, 1.000001, -3e-06, 0.0, 4e-06, 4e-06, 1.000015, 0.0, 0.001132, 0.000896, 0.002135, 1.0], "rotation": [0.99961, -0.028137, -0.001087, 0.0, 0.028142, 0.999591, 0.006144, 0.0, 0.00091, -0.006171, 1.000006, 0.0, 0.002179, 0.08046, -0.079507, 1.0]}, {"time": 1.840698003768921, "position": [1.000001, -4e-06, -6e-06, 0.0, 3e-06, 1.000001, -3e-06, 0.0, 4e-06, 4e-06, 1.000015, 0.0, 0.001205, 0.000861, 0.002106, 1.0], "rotation": [0.999606, -0.02823, -0.001241, 0.0, 0.028236, 0.999585, 0.006399, 0.0, 0.001055, -0.00643, 1.000003, 0.0, 0.002175, 0.08048, -0.079486, 1.0]}, {"time": 1.8877949714660645, "position": [1.000002, -3e-06, -5e-06, 0.0, 3e-06, 1.0, -3e-06, 0.0, 4e-06, 4e-06, 1.000015, 0.0, 0.001331, 0.000894, 0.002315, 1.0], "rotation": [0.999598, -0.028455, -0.002753, 0.0, 0.028474, 0.999569, 0.007736, 0.0, 0.002529, -0.00781, 0.99999, 0.0, 0.002076, 0.080589, -0.079378, 1.0]}, {"time": 1.9349403381347656, "position": [1.000002, -3e-06, -6e-06, 0.0, 3e-06, 1.0, -3e-06, 0.0, 4e-06, 4e-06, 1.000016, 0.0, 0.001322, 0.000879, 0.002309, 1.0], "rotation": [0.999613, -0.027967, -0.002816, 0.0, 0.027985, 0.999588, 0.006903, 0.0, 0.002618, -0.006977, 0.999998, 0.0, 0.00203, 0.080524, -0.079445, 1.0]}, {"time": 1.9805908203125, "position": [1.000002, -4e-06, -6e-06, 0.0, 3e-06, 1.000001, -3e-06, 0.0, 4e-06, 4e-06, 1.000016, 0.0, 0.001372, 0.00085, 0.002298, 1.0], "rotation": [0.999625, -0.027499, -0.00264, 0.0, 0.027513, 0.999608, 0.005988, 0.0, 0.00247, -0.006057, 1.000005, 0.0, 0.002004, 0.080452, -0.079519, 1.0]}, {"time": 2.0272104740142822, "position": [1.000001, -3e-06, -6e-06, 0.0, 3e-06, 1.0, -3e-06, 0.0, 4e-06, 4e-06, 1.000015, 0.0, 0.001497, 0.000891, 0.002343, 1.0], "rotation": [0.99961, -0.027847, -0.003875, 0.0, 0.027868, 0.999598, 0.005785, 0.0, 0.003708, -0.00589, 1.0, 0.0, 0.001933, 0.080438, -0.079535, 1.0]}, {"time": 2.0738275051116943, "position": [1.000001, -3e-06, -5e-06, 0.0, 3e-06, 1.0, -3e-06, 0.0, 4e-06, 4e-06, 1.000015, 0.0, 0.001535, 0.000918, 0.002346, 1.0], "rotation": [0.999624, -0.027411, -0.003382, 0.0, 0.02743, 0.99961, 0.005904, 0.0, 0.003217, -0.005993, 1.000002, 0.0, 0.001937, 0.080447, -0.079526, 1.0]}, {"time": 2.1217732429504395, "position": [1.000002, -3e-06, -5e-06, 0.0, 3e-06, 1.000001, -3e-06, 0.0, 4e-06, 4e-06, 1.000016, 0.0, 0.001695, 0.000865, 0.002289, 1.0], "rotation": [0.99965, -0.026512, -0.003218, 0.0, 0.026529, 0.999636, 0.005719, 0.0, 0.003062, -0.005801, 1.000005, 0.0, 0.001878, 0.080434, -0.079541, 1.0]}, {"time": 2.1649675369262695, "position": [1.000002, -3e-06, -6e-06, 0.0, 3e-06, 1.0, -3e-06, 0.0, 4e-06, 4e-06, 1.000015, 0.0, 0.001766, 0.000828, 0.002335, 1.0], "rotation": [0.999656, -0.026139, -0.004336, 0.0, 0.026165, 0.999641, 0.006282, 0.0, 0.004166, -0.006392, 0.999996, 0.0, 0.00176, 0.080482, -0.079495, 1.0]}, {"time": 2.2109827995300293, "position": [1.000002, -3e-06, -5e-06, 0.0, 3e-06, 1.000001, -3e-06, 0.0, 4e-06, 4e-06, 1.000017, 0.0, 0.001813, 0.000859, 0.002308, 1.0], "rotation": [0.999656, -0.025951, -0.005269, 0.0, 0.025983, 0.999647, 0.006289, 0.0, 0.005101, -0.006422, 0.999995, 0.0, 0.001671, 0.080484, -0.079494, 1.0]}, {"time": 2.2576115131378174, "position": [1.000001, -4e-06, -5e-06, 0.0, 3e-06, 1.0, -3e-06, 0.0, 4e-06, 4e-06, 1.000016, 0.0, 0.001871, 0.000884, 0.002253, 1.0], "rotation": [0.999659, -0.025722, -0.005656, 0.0, 0.025754, 0.999654, 0.005881, 0.0, 0.005499, -0.006022, 0.999995, 0.0, 0.001621, 0.080453, -0.079527, 1.0]}, {"time": 2.3035335540771484, "position": [1.000002, -4e-06, -6e-06, 0.0, 3e-06, 1.000001, -3e-06, 0.0, 4e-06, 4e-06, 1.000015, 0.0, 0.001852, 0.000857, 0.002265, 1.0], "rotation": [0.999659, -0.025816, -0.005592, 0.0, 0.025848, 0.999653, 0.005984, 0.0, 0.005431, -0.006125, 0.999992, 0.0, 0.001634, 0.080461, -0.079518, 1.0]}, {"time": 2.370645046234131, "position": [1.000001, -4e-06, -6e-06, 0.0, 3e-06, 1.0, -3e-06, 0.0, 4e-06, 4e-06, 1.000015, 0.0, 0.001788, 0.000895, 0.002194, 1.0], "rotation": [0.999663, -0.025527, -0.005853, 0.0, 0.025559, 0.999661, 0.005647, 0.0, 0.005703, -0.005794, 0.999993, 0.0, 0.001589, 0.080435, -0.079545, 1.0]}, {"time": 2.397826910018921, "position": [1.000001, -3e-06, -6e-06, 0.0, 3e-06, 1.0, -3e-06, 0.0, 4e-06, 4e-06, 1.000015, 0.0, 0.001745, 0.000886, 0.002204, 1.0], "rotation": [0.999668, -0.025317, -0.005844, 0.0, 0.02535, 0.999665, 0.005836, 0.0, 0.005691, -0.005982, 0.99999, 0.0, 0.001573, 0.080451, -0.07953, 1.0]}, {"time": 2.4276936054229736, "position": [1.000002, -4e-06, -6e-06, 0.0, 3e-06, 1.000001, -3e-06, 0.0, 4e-06, 4e-06, 1.000016, 0.0, 0.001738, 0.000863, 0.002248, 1.0], "rotation": [0.999664, -0.025562, -0.005685, 0.0, 0.025596, 0.999659, 0.006115, 0.0, 0.005523, -0.006257, 0.999991, 0.0, 0.001606, 0.080472, -0.079508, 1.0]}, {"time": 2.504578113555908, "position": [1.000002, -4e-06, -6e-06, 0.0, 3e-06, 1.000001, -3e-06, 0.0, 4e-06, 4e-06, 1.000015, 0.0, 0.001725, 0.000868, 0.002407, 1.0], "rotation": [0.99966, -0.025796, -0.005386, 0.0, 0.025833, 0.999646, 0.007002, 0.0, 0.005199, -0.007138, 0.999986, 0.0, 0.001651, 0.080542, -0.079437, 1.0]}, {"time": 2.5077834129333496, "position": [1.000002, -4e-06, -6e-06, 0.0, 3e-06, 1.0, -3e-06, 0.0, 4e-06, 4e-06, 1.000015, 0.0, 0.001725, 0.000868, 0.002407, 1.0], "rotation": [0.999659, -0.025796, -0.005386, 0.0, 0.025833, 0.999645, 0.007002, 0.0, 0.005199, -0.007137, 0.999987, 0.0, 0.001651, 0.080542, -0.079437, 1.0]}, {"time": 2.511772871017456, "position": [1.000001, -4e-06, -5e-06, 0.0, 3e-06, 1.0, -3e-06, 0.0, 4e-06, 4e-06, 1.000015, 0.0, 0.001691, 0.000927, 0.002518, 1.0], "rotation": [0.999665, -0.025557, -0.005221, 0.0, 0.025592, 0.999652, 0.006923, 0.0, 0.005039, -0.007053, 0.999988, 0.0, 0.001644, 0.080536, -0.079443, 1.0]}, {"time": 2.5147647857666016, "position": [1.000001, -4e-06, -5e-06, 0.0, 3e-06, 1.000001, -3e-06, 0.0, 4e-06, 4e-06, 1.000015, 0.0, 0.001691, 0.000927, 0.002518, 1.0], "rotation": [0.999665, -0.025557, -0.005221, 0.0, 0.025592, 0.999653, 0.006923, 0.0, 0.005039, -0.007053, 0.999988, 0.0, 0.001644, 0.080535, -0.079443, 1.0]}, {"time": 2.5668585300445557, "position": [1.000002, -4e-06, -5e-06, 0.0, 3e-06, 1.0, -3e-06, 0.0, 4e-06, 3e-06, 1.000015, 0.0, 0.001745, 0.000813, 0.002469, 1.0], "rotation": [0.999662, -0.025801, -0.004698, 0.0, 0.025819, 0.999662, 0.004167, 0.0, 0.004585, -0.004286, 1.000005, 0.0, 0.001699, 0.080315, -0.079665, 1.0]}, {"time": 2.571845531463623, "position": [1.000002, -4e-06, -6e-06, 0.0, 3e-06, 1.000001, -3e-06, 0.0, 4e-06, 3e-06, 1.000015, 0.0, 0.001745, 0.000813, 0.002469, 1.0], "rotation": [0.999663, -0.025801, -0.004698, 0.0, 0.025819, 0.999663, 0.004167, 0.0, 0.004585, -0.004286, 1.000005, 0.0, 0.001699, 0.080315, -0.079665, 1.0]}, {"time": 2.6152703762054443, "position": [1.000001, -4e-06, -6e-06, 0.0, 3e-06, 1.000001, -2e-06, 0.0, 4e-06, 3e-06, 1.000016, 0.0, 0.001655, 0.000835, 0.00252, 1.0], "rotation": [0.999681, -0.025009, -0.004788, 0.0, 0.025027, 0.999684, 0.004059, 0.0, 0.004681, -0.004177, 1.000006, 0.0, 0.001628, 0.080308, -0.079673, 1.0]}, {"time": 2.624246835708618, "position": [1.000001, -4e-06, -6e-06, 0.0, 3e-06, 1.000001, -2e-06, 0.0, 4e-06, 3e-06, 1.000016, 0.0, 0.001688, 0.000926, 0.002541, 1.0], "rotation": [0.999653, -0.025961, -0.005665, 0.0, 0.025983, 0.99966, 0.004042, 0.0, 0.005554, -0.004187, 1.000003, 0.0, 0.001635, 0.080307, -0.079675, 1.0]}, {"time": 2.6615214347839355, "position": [1.000001, -4e-06, -6e-06, 0.0, 3e-06, 1.000001, -2e-06, 0.0, 4e-06, 3e-06, 1.000015, 0.0, 0.001709, 0.000996, 0.002499, 1.0], "rotation": [0.999637, -0.026521, -0.0056, 0.0, 0.02654, 0.999646, 0.003613, 0.0, 0.005498, -0.00376, 1.000003, 0.0, 0.001683, 0.080271, -0.079709, 1.0]}, {"time": 2.7967190742492676, "position": [1.0, -4e-06, -6e-06, 0.0, 3e-06, 1.000001, -2e-06, 0.0, 4e-06, 3e-06, 1.000015, 0.0, 0.001709, 0.000996, 0.002499, 1.0], "rotation": [0.999636, -0.026521, -0.0056, 0.0, 0.02654, 0.999646, 0.003613, 0.0, 0.005498, -0.00376, 1.000003, 0.0, 0.001683, 0.080271, -0.079709, 1.0]}, {"time": 2.8006436824798584, "position": [1.000001, -4e-06, -6e-06, 0.0, 3e-06, 1.0, -2e-06, 0.0, 4e-06, 3e-06, 1.000016, 0.0, 0.001625, 0.000957, 0.002414, 1.0], "rotation": [0.999654, -0.026131, -0.004609, 0.0, 0.026144, 0.999657, 0.003114, 0.0, 0.004521, -0.003232, 1.000011, 0.0, 0.00173, 0.08023, -0.07975, 1.0]}, {"time": 2.8056278228759766, "position": [1.000001, -4e-06, -6e-06, 0.0, 3e-06, 1.000001, -2e-06, 0.0, 4e-06, 3e-06, 1.000016, 0.0, 0.001625, 0.000957, 0.002414, 1.0], "rotation": [0.999654, -0.026131, -0.004609, 0.0, 0.026144, 0.999657, 0.003114, 0.0, 0.004521, -0.003232, 1.000011, 0.0, 0.00173, 0.08023, -0.07975, 1.0]}, {"time": 2.8096182346343994, "position": [1.000002, -4e-06, -6e-06, 0.0, 3e-06, 1.000001, -2e-06, 0.0, 4e-06, 3e-06, 1.000016, 0.0, 0.001586, 0.000861, 0.002401, 1.0], "rotation": [0.999646, -0.02649, -0.004639, 0.0, 0.026509, 0.999644, 0.004489, 0.0, 0.004515, -0.004609, 1.000005, 0.0, 0.00176, 0.080339, -0.079639, 1.0]}, {"time": 2.8126094341278076, "position": [1.000002, -4e-06, -6e-06, 0.0, 3e-06, 1.000001, -2e-06, 0.0, 4e-06, 3e-06, 1.000015, 0.0, 0.001494, 0.000866, 0.002506, 1.0], "rotation": [0.999637, -0.026625, -0.005353, 0.0, 0.026656, 0.999633, 0.005946, 0.0, 0.005189, -0.006086, 0.999992, 0.0, 0.001718, 0.080456, -0.079522, 1.0]}, {"time": 2.835644006729126, "position": [1.000006, -0.0, 4.2e-05, 0.0, -0.0, 1.000005, 2e-06, 0.0, -4.4e-05, -2e-06, 1.000013, 0.0, 0.001546, 0.000929, 0.002504, 1.0], "rotation": [0.999611, -0.027679, -0.004897, 0.0, 0.027708, 0.999601, 0.006174, 0.0, 0.00472, -0.006305, 0.999993, 0.0, 0.001839, 0.080472, -0.079504, 1.0]}, {"time": 2.8406286239624023, "position": [1.000005, -0.0, 4.2e-05, 0.0, -0.0, 1.000005, 2e-06, 0.0, -4.4e-05, -2e-06, 1.000013, 0.0, 0.001546, 0.000929, 0.002504, 1.0], "rotation": [0.99961, -0.027679, -0.004897, 0.0, 0.027708, 0.999601, 0.006174, 0.0, 0.00472, -0.006305, 0.999993, 0.0, 0.001839, 0.080471, -0.079504, 1.0]}, {"time": 2.90480899810791, "position": [1.000006, -1e-06, 4.2e-05, 0.0, -0.0, 1.000005, 2e-06, 0.0, -4.4e-05, -2e-06, 1.000014, 0.0, 0.001349, 0.000887, 0.002461, 1.0], "rotation": [0.999636, -0.026955, -0.00367, 0.0, 0.026974, 0.999626, 0.00556, 0.0, 0.003516, -0.005657, 1.000003, 0.0, 0.001877, 0.080421, -0.079553, 1.0]}, {"time": 2.923757314682007, "position": [1.000006, -1e-06, 4.2e-05, 0.0, -0.0, 1.000005, 2e-06, 0.0, -4.4e-05, -2e-06, 1.000014, 0.0, 0.001398, 0.000896, 0.00249, 1.0], "rotation": [0.99961, -0.027817, -0.00453, 0.0, 0.027842, 0.999599, 0.005737, 0.0, 0.004364, -0.00586, 0.999999, 0.0, 0.001878, 0.080436, -0.079539, 1.0]}, {"time": 2.955735683441162, "position": [1.000005, -1e-06, 4.2e-05, 0.0, -0.0, 1.000005, 2e-06, 0.0, -4.4e-05, -2e-06, 1.000014, 0.0, 0.001399, 0.000963, 0.002499, 1.0], "rotation": [0.999601, -0.027941, -0.005265, 0.0, 0.027971, 0.999596, 0.005964, 0.0, 0.005093, -0.006107, 0.999994, 0.0, 0.00183, 0.080455, -0.07952, 1.0]}, {"time": 3.002790689468384, "position": [1.000006, -1e-06, 4.2e-05, 0.0, 0.0, 1.000005, 2e-06, 0.0, -4.4e-05, -2e-06, 1.000014, 0.0, 0.001409, 0.000954, 0.002462, 1.0], "rotation": [0.999617, -0.027515, -0.004635, 0.0, 0.027541, 0.999608, 0.005865, 0.0, 0.004469, -0.005989, 0.999998, 0.0, 0.001846, 0.080447, -0.079528, 1.0]}, {"time": 3.0488414764404297, "position": [1.000006, -1e-06, 4.1e-05, 0.0, 0.0, 1.000005, 2e-06, 0.0, -4.4e-05, -2e-06, 1.000014, 0.0, 0.001404, 0.00094, 0.002469, 1.0], "rotation": [0.999625, -0.027361, -0.003891, 0.0, 0.027383, 0.99961, 0.006182, 0.0, 0.003716, -0.006285, 0.999999, 0.0, 0.001894, 0.080471, -0.079503, 1.0]}, {"time": 3.0916051864624023, "position": [1.000006, -1e-06, 4.2e-05, 0.0, 0.0, 1.000005, 2e-06, 0.0, -4.4e-05, -2e-06, 1.000014, 0.0, 0.001413, 0.000911, 0.002488, 1.0], "rotation": [0.999622, -0.027334, -0.004751, 0.0, 0.027365, 0.999606, 0.006924, 0.0, 0.004556, -0.007051, 0.99999, 0.0, 0.001825, 0.080531, -0.079443, 1.0]}, {"time": 3.141770362854004, "position": [1.000005, -1e-06, 4.2e-05, 0.0, 1e-06, 1.000005, 2e-06, 0.0, -4.4e-05, -2e-06, 1.000014, 0.0, 0.001386, 0.000918, 0.002489, 1.0], "rotation": [0.999612, -0.027473, -0.005414, 0.0, 0.027509, 0.999603, 0.006817, 0.0, 0.005222, -0.006962, 0.999988, 0.0, 0.001783, 0.080524, -0.079451, 1.0]}, {"time": 3.1888508796691895, "position": [1.000006, -1e-06, 4.2e-05, 0.0, 1e-06, 1.000005, 2e-06, 0.0, -4.4e-05, -3e-06, 1.000014, 0.0, 0.001392, 0.000926, 0.002456, 1.0], "rotation": [0.999625, -0.027245, -0.004453, 0.0, 0.027273, 0.999612, 0.006527, 0.0, 0.00427, -0.006646, 0.999994, 0.0, 0.00184, 0.080499, -0.079475, 1.0]}, {"time": 3.234715461730957, "position": [1.000006, -0.0, 4.4e-05, 0.0, -0.0, 1.000006, 0.0, 0.0, -4.7e-05, -1e-06, 1.000013, 0.0, 0.001333, 0.000917, 0.00249, 1.0], "rotation": [0.999625, -0.027266, -0.00458, 0.0, 0.027296, 0.999611, 0.006749, 0.0, 0.00439, -0.006871, 0.999991, 0.0, 0.001833, 0.080517, -0.079457, 1.0]}, {"time": 3.280590057373047, "position": [1.000004, -1e-06, 4.5e-05, 0.0, 0.0, 1.000005, -1e-06, 0.0, -4.6e-05, 1e-06, 1.000011, 0.0, 0.001313, 0.000933, 0.002494, 1.0], "rotation": [0.999615, -0.027446, -0.004959, 0.0, 0.027478, 0.999605, 0.006651, 0.0, 0.004772, -0.006785, 0.999987, 0.0, 0.001817, 0.08051, -0.079465, 1.0]}, {"time": 3.324471950531006, "position": [1.000003, -2e-06, 4.5e-05, 0.0, 1e-06, 1.000004, -3e-06, 0.0, -4.6e-05, 2e-06, 1.00001, 0.0, 0.001211, 0.000882, 0.002414, 1.0], "rotation": [0.999601, -0.02761, -0.006122, 0.0, 0.027647, 0.999601, 0.006276, 0.0, 0.005944, -0.006443, 0.999979, 0.0, 0.001736, 0.080483, -0.079495, 1.0]}, {"time": 3.369929790496826, "position": [1.000003, -3e-06, 4.5e-05, 0.0, 3e-06, 1.000005, -4e-06, 0.0, -4.6e-05, 3e-06, 1.00001, 0.0, 0.001171, 0.000901, 0.002414, 1.0], "rotation": [0.999592, -0.028034, -0.005689, 0.0, 0.028072, 0.999588, 0.006775, 0.0, 0.005495, -0.006933, 0.999979, 0.0, 0.001806, 0.080521, -0.079455, 1.0]}, {"time": 3.432622194290161, "position": [1.000004, -4e-06, 4.5e-05, 0.0, 3e-06, 1.000005, -4e-06, 0.0, -4.6e-05, 3e-06, 1.00001, 0.0, 0.0009, 0.000918, 0.002563, 1.0], "rotation": [0.999595, -0.027974, -0.005748, 0.0, 0.028013, 0.999587, 0.007198, 0.0, 0.005542, -0.007357, 0.999975, 0.0, 0.001798, 0.080554, -0.079421, 1.0]}, {"time": 3.463702440261841, "position": [1.000003, -4e-06, 4.5e-05, 0.0, 4e-06, 1.000006, -5e-06, 0.0, -4.6e-05, 4e-06, 1.00001, 0.0, 0.000919, 0.000879, 0.002511, 1.0], "rotation": [0.999562, -0.029154, -0.005157, 0.0, 0.029183, 0.999562, 0.005979, 0.0, 0.004979, -0.006128, 0.999985, 0.0, 0.001936, 0.080454, -0.079519, 1.0]}, {"time": 3.5121610164642334, "position": [1.000002, -5e-06, 4.5e-05, 0.0, 4e-06, 1.000005, -5e-06, 0.0, -4.6e-05, 4e-06, 1.000009, 0.0, 0.000786, 0.000828, 0.002409, 1.0], "rotation": [0.999585, -0.028379, -0.004692, 0.0, 0.028401, 0.99959, 0.004927, 0.0, 0.004549, -0.005059, 0.999993, 0.0, 0.001908, 0.080371, -0.079604, 1.0]}, {"time": 3.5589797496795654, "position": [1.000003, -5e-06, 4.5e-05, 0.0, 4e-06, 1.000005, -5e-06, 0.0, -4.6e-05, 4e-06, 1.00001, 0.0, 0.000708, 0.000944, 0.002526, 1.0], "rotation": [0.999547, -0.029597, -0.005706, 0.0, 0.029633, 0.999544, 0.006595, 0.0, 0.005507, -0.006761, 0.99998, 0.0, 0.00193, 0.080503, -0.079469, 1.0]}, {"time": 3.602573871612549, "position": [1.000004, -5e-06, 4.5e-05, 0.0, 4e-06, 1.000005, -4e-06, 0.0, -4.6e-05, 3e-06, 1.00001, 0.0, 0.00065, 0.000983, 0.002497, 1.0], "rotation": [0.999557, -0.029442, -0.004645, 0.0, 0.02947, 0.999549, 0.006454, 0.0, 0.004451, -0.006589, 0.999985, 0.0, 0.002002, 0.08049, -0.079481, 1.0]}, {"time": 3.6688125133514404, "position": [1.000004, -5e-06, 4.5e-05, 0.0, 4e-06, 1.000005, -4e-06, 0.0, -4.6e-05, 4e-06, 1.00001, 0.0, 0.000658, 0.000956, 0.002435, 1.0], "rotation": [0.999559, -0.029459, -0.00436, 0.0, 0.029484, 0.999552, 0.006151, 0.0, 0.004175, -0.006277, 0.99999, 0.0, 0.002025, 0.080465, -0.079505, 1.0]}, {"time": 3.6969032287597656, "position": [1.000003, -5e-06, 4.5e-05, 0.0, 4e-06, 1.000005, -4e-06, 0.0, -4.6e-05, 3e-06, 1.00001, 0.0, 0.000599, 0.000965, 0.002445, 1.0], "rotation": [0.999567, -0.02889, -0.005599, 0.0, 0.028924, 0.999566, 0.006457, 0.0, 0.005409, -0.006617, 0.99998, 0.0, 0.001881, 0.080493, -0.07948, 1.0]}, {"time": 3.7422168254852295, "position": [1.000003, -5e-06, 4.5e-05, 0.0, 4e-06, 1.000005, -4e-06, 0.0, -4.6e-05, 3e-06, 1.00001, 0.0, 0.000658, 0.000991, 0.002584, 1.0], "rotation": [0.999557, -0.029159, -0.00605, 0.0, 0.029203, 0.999549, 0.007492, 0.0, 0.005828, -0.007666, 0.999971, 0.0, 0.00187, 0.080576, -0.079397, 1.0]}, {"time": 3.800821304321289, "position": [1.000003, -0.0, 4.6e-05, 0.0, -0.0, 1.000004, 0.0, 0.0, -4.7e-05, -1e-06, 1.00001, 0.0, 0.000927, 0.000881, 0.002513, 1.0], "rotation": [0.999577, -0.028781, -0.004266, 0.0, 0.028804, 0.999573, 0.005641, 0.0, 0.0041, -0.005761, 0.999994, 0.0, 0.001976, 0.080426, -0.079547, 1.0]}, {"time": 3.8335399627685547, "position": [1.000004, 0.0, 4.6e-05, 0.0, -1e-06, 1.000004, 8e-06, 0.0, -4.7e-05, -9e-06, 1.000009, 0.0, 0.000833, 0.000972, 0.002674, 1.0], "rotation": [0.999578, -0.028737, -0.004863, 0.0, 0.028763, 0.999573, 0.005663, 0.0, 0.004697, -0.005802, 0.999988, 0.0, 0.001925, 0.080429, -0.079544, 1.0]}, {"time": 3.883755922317505, "position": [1.000003, 1e-06, 4.6e-05, 0.0, -1e-06, 1.000004, 1e-05, 0.0, -4.7e-05, -1.1e-05, 1.000009, 0.0, 0.001008, 0.001003, 0.002735, 1.0], "rotation": [0.999556, -0.029273, -0.005768, 0.0, 0.029304, 0.999558, 0.005575, 0.0, 0.0056, -0.005741, 0.999985, 0.0, 0.001896, 0.080423, -0.079551, 1.0]}, {"time": 3.900848150253296, "position": [1.000003, 1e-06, 4.6e-05, 0.0, -1e-06, 1.000003, 1.2e-05, 0.0, -4.7e-05, -1.2e-05, 1.000008, 0.0, 0.001146, 0.001026, 0.002769, 1.0], "rotation": [0.999565, -0.029029, -0.005442, 0.0, 0.029057, 0.999565, 0.005382, 0.0, 0.005282, -0.005537, 0.999986, 0.0, 0.001902, 0.080407, -0.079567, 1.0]}, {"time": 3.9297842979431152, "position": [1.000003, 1e-06, 4.6e-05, 0.0, -1e-06, 1.000004, 1.3e-05, 0.0, -4.7e-05, -1.4e-05, 1.000009, 0.0, 0.001225, 0.001019, 0.002791, 1.0], "rotation": [0.99959, -0.028264, -0.004736, 0.0, 0.028287, 0.999591, 0.004996, 0.0, 0.004592, -0.005128, 0.999992, 0.0, 0.001896, 0.080377, -0.079598, 1.0]}, {"time": 3.9608895778656006, "position": [1.000004, 0.0, 4.6e-05, 0.0, -0.0, 1.000004, 1.4e-05, 0.0, -4.7e-05, -1.4e-05, 1.000009, 0.0, 0.001351, 0.000975, 0.002824, 1.0], "rotation": [0.999597, -0.028048, -0.004785, 0.0, 0.028071, 0.999596, 0.004886, 0.0, 0.004644, -0.005019, 0.999992, 0.0, 0.001874, 0.080368, -0.079607, 1.0]}, {"time": 3.9710049629211426, "position": [1.000004, 0.0, 4.6e-05, 0.0, -0.0, 1.000004, 1.4e-05, 0.0, -4.7e-05, -1.4e-05, 1.000009, 0.0, 0.001351, 0.000976, 0.002824, 1.0], "rotation": [0.999597, -0.028048, -0.004785, 0.0, 0.028071, 0.999597, 0.004886, 0.0, 0.004644, -0.005019, 0.999992, 0.0, 0.001874, 0.080368, -0.079607, 1.0]}, {"time": 4.012946367263794, "position": [1.000003, -0.0, 4.6e-05, 0.0, -0.0, 1.000005, 1.4e-05, 0.0, -4.7e-05, -1.5e-05, 1.000008, 0.0, 0.001449, 0.000989, 0.002876, 1.0], "rotation": [0.999603, -0.027666, -0.005617, 0.0, 0.027694, 0.999609, 0.004956, 0.0, 0.005477, -0.005111, 0.999986, 0.0, 0.001777, 0.080376, -0.079601, 1.0]}, {"time": 4.01683497428894, "position": [1.000003, -0.0, 4.6e-05, 0.0, -0.0, 1.000004, 1.4e-05, 0.0, -4.7e-05, -1.5e-05, 1.000008, 0.0, 0.001449, 0.000989, 0.002876, 1.0], "rotation": [0.999603, -0.027666, -0.005617, 0.0, 0.027694, 0.999608, 0.004956, 0.0, 0.005477, -0.00511, 0.999986, 0.0, 0.001777, 0.080376, -0.079601, 1.0]}, {"time": 4.052880764007568, "position": [1.000004, -1e-06, 4.6e-05, 0.0, 1e-06, 1.000004, 1.4e-05, 0.0, -4.7e-05, -1.5e-05, 1.000008, 0.0, 0.001568, 0.001009, 0.00288, 1.0], "rotation": [0.999616, -0.027007, -0.006778, 0.0, 0.027036, 0.999629, 0.004213, 0.0, 0.00666, -0.004396, 0.999983, 0.0, 0.00163, 0.080321, -0.07966, 1.0]}, {"time": 4.089645624160767, "position": [1.000003, -0.0, 4.8e-05, 0.0, -0.0, 1.000002, 1e-06, 0.0, -4.9e-05, -0.0, 1.000008, 0.0, 0.001593, 0.001031, 0.002888, 1.0], "rotation": [0.999623, -0.026671, -0.00663, 0.0, 0.026698, 0.999633, 0.004187, 0.0, 0.006515, -0.004359, 0.999985, 0.0, 0.001615, 0.080319, -0.079663, 1.0]}, {"time": 4.105639934539795, "position": [1.000003, -0.0, 4.8e-05, 0.0, -0.0, 1.000002, 1e-06, 0.0, -4.9e-05, -0.0, 1.000008, 0.0, 0.001593, 0.001031, 0.002888, 1.0], "rotation": [0.999623, -0.026671, -0.00663, 0.0, 0.026698, 0.999634, 0.004187, 0.0, 0.006515, -0.004359, 0.999984, 0.0, 0.001615, 0.080319, -0.079663, 1.0]}, {"time": 4.146703243255615, "position": [1.000004, -0.0, 4.8e-05, 0.0, -0.0, 1.000002, 2e-06, 0.0, -4.9e-05, -2e-06, 1.000007, 0.0, 0.001631, 0.001003, 0.002859, 1.0], "rotation": [0.999628, -0.026554, -0.006588, 0.0, 0.026581, 0.999637, 0.004313, 0.0, 0.006471, -0.004485, 0.999981, 0.0, 0.001609, 0.080329, -0.079652, 1.0]}, {"time": 4.176780700683594, "position": [1.000002, -1e-06, 4.8e-05, 0.0, 0.0, 1.0, 2e-06, 0.0, -4.8e-05, -1e-06, 1.000006, 0.0, 0.00166, 0.000985, 0.002871, 1.0], "rotation": [0.999633, -0.026273, -0.006579, 0.0, 0.026305, 0.999636, 0.005097, 0.0, 0.006443, -0.005265, 0.999977, 0.0, 0.001589, 0.080392, -0.07959, 1.0]}, {"time": 4.205728769302368, "position": [1.000002, -3e-06, 4.8e-05, 0.0, 2e-06, 1.000001, 1e-06, 0.0, -4.8e-05, 0.0, 1.000006, 0.0, 0.001677, 0.000948, 0.002833, 1.0], "rotation": [0.999627, -0.026382, -0.006941, 0.0, 0.026419, 0.999633, 0.005364, 0.0, 0.006797, -0.005542, 0.999972, 0.0, 0.00157, 0.080414, -0.079568, 1.0]}, {"time": 4.21169114112854, "position": [1.000003, -3e-06, 4.8e-05, 0.0, 2e-06, 1.000001, 1e-06, 0.0, -4.8e-05, -0.0, 1.000007, 0.0, 0.001677, 0.000948, 0.002832, 1.0], "rotation": [0.999628, -0.026383, -0.006941, 0.0, 0.026418, 0.999632, 0.005364, 0.0, 0.006797, -0.005542, 0.999974, 0.0, 0.00157, 0.080414, -0.079568, 1.0]}, {"time": 4.251102685928345, "position": [1.000003, -4e-06, 4.8e-05, 0.0, 3e-06, 1.000001, 1e-06, 0.0, -4.8e-05, -0.0, 1.000007, 0.0, 0.001691, 0.000916, 0.002703, 1.0], "rotation": [0.99963, -0.026435, -0.006662, 0.0, 0.026471, 0.999629, 0.005721, 0.0, 0.006508, -0.005892, 0.999973, 0.0, 0.001597, 0.080442, -0.079539, 1.0]}, {"time": 4.255701541900635, "position": [1.000003, -6e-06, 4.8e-05, 0.0, 5e-06, 1.000001, 2e-06, 0.0, -4.8e-05, -1e-06, 1.000007, 0.0, 0.001691, 0.000916, 0.002703, 1.0], "rotation": [0.99963, -0.026436, -0.006662, 0.0, 0.026472, 0.999629, 0.005721, 0.0, 0.006508, -0.005892, 0.999973, 0.0, 0.001597, 0.080442, -0.079539, 1.0]}, {"time": 4.302638292312622, "position": [1.000003, -7e-06, 4.8e-05, 0.0, 6e-06, 1.000001, 1e-06, 0.0, -4.8e-05, -0.0, 1.000006, 0.0, 0.001628, 0.000911, 0.002694, 1.0], "rotation": [0.999628, -0.026429, -0.007017, 0.0, 0.026473, 0.999626, 0.006389, 0.0, 0.006846, -0.006569, 0.999966, 0.0, 0.00157, 0.080496, -0.079485, 1.0]}, {"time": 4.331617116928101, "position": [1.000002, -7e-06, 4.8e-05, 0.0, 6e-06, 1.000001, 2e-06, 0.0, -4.8e-05, -0.0, 1.000006, 0.0, 0.0016, 0.000969, 0.002745, 1.0], "rotation": [0.999621, -0.026542, -0.00723, 0.0, 0.026592, 0.999619, 0.007111, 0.0, 0.007039, -0.007297, 0.999959, 0.0, 0.001564, 0.080553, -0.079427, 1.0]}, {"time": 4.386621713638306, "position": [1.000003, -7e-06, 4.8e-05, 0.0, 7e-06, 1.0, 2e-06, 0.0, -4.8e-05, -0.0, 1.000006, 0.0, 0.001554, 0.000915, 0.002728, 1.0], "rotation": [0.999617, -0.026777, -0.007165, 0.0, 0.026824, 0.999614, 0.006653, 0.0, 0.006984, -0.00684, 0.999963, 0.0, 0.001587, 0.080516, -0.079464, 1.0]}, {"time": 4.424586296081543, "position": [1.000004, -9e-06, 4.8e-05, 0.0, 8e-06, 1.000001, 2e-06, 0.0, -4.8e-05, -1e-06, 1.000007, 0.0, 0.001478, 0.000843, 0.002619, 1.0], "rotation": [0.999635, -0.026485, -0.005924, 0.0, 0.026517, 0.999628, 0.005707, 0.0, 0.005771, -0.005859, 0.999978, 0.0, 0.00166, 0.080439, -0.079541, 1.0]}, {"time": 4.470851898193359, "position": [1.000003, -1e-05, 4.8e-05, 0.0, 8e-06, 1.0, 2e-06, 0.0, -4.8e-05, -1e-06, 1.000005, 0.0, 0.001448, 0.000872, 0.002612, 1.0], "rotation": [0.999611, -0.027021, -0.007017, 0.0, 0.027061, 0.999611, 0.005982, 0.0, 0.006852, -0.006167, 0.999966, 0.0, 0.001617, 0.080462, -0.079518, 1.0]}, {"time": 4.52080774307251, "position": [1.000003, -1e-05, 4.8e-05, 0.0, 9e-06, 1.0, 1e-06, 0.0, -4.8e-05, 0.0, 1.000007, 0.0, 0.001409, 0.000938, 0.002561, 1.0], "rotation": [0.999608, -0.027166, -0.006829, 0.0, 0.027207, 0.999606, 0.006165, 0.0, 0.006658, -0.006345, 0.999969, 0.0, 0.001644, 0.080476, -0.079503, 1.0]}, {"time": 4.5498058795928955, "position": [1.000003, -1e-05, 4.8e-05, 0.0, 9e-06, 1.000001, 1e-06, 0.0, -4.8e-05, 0.0, 1.000007, 0.0, 0.001409, 0.000939, 0.002561, 1.0], "rotation": [0.999607, -0.027166, -0.006829, 0.0, 0.027207, 0.999607, 0.006165, 0.0, 0.006658, -0.006345, 0.99997, 0.0, 0.001644, 0.080476, -0.079503, 1.0]}, {"time": 4.581704378128052, "position": [1.000002, -1.1e-05, 4.8e-05, 0.0, 1e-05, 1.000001, 1e-06, 0.0, -4.8e-05, 1e-06, 1.000006, 0.0, 0.001407, 0.000934, 0.002575, 1.0], "rotation": [0.999611, -0.027292, -0.005708, 0.0, 0.027327, 0.999603, 0.00632, 0.0, 0.005533, -0.00647, 0.999974, 0.0, 0.001744, 0.080486, -0.079492, 1.0]}, {"time": 4.585694074630737, "posi