{"id": 1612958962.3666563, "camera": [{"time": 0.36597442626953125, "position": [0.999968, 0.0, 1.1e-05, 0.0, 0.0, 0.999975, 2e-06, 0.0, -1.4e-05, 1e-05, 1.000011, 0.0, -0.002208, -0.010888, 0.000458, 1.0], "rotation": [0.999743, -0.021133, 0.001108, 0.0, 0.021156, 0.996823, -0.076498, 0.0, 0.00051, 0.076514, 0.997089, 0.0, 0.001652, 0.073623, -0.085885, 1.0]}, {"time": 0.3679537773132324, "position": [0.999969, 4e-06, 1.2e-05, 0.0, -4e-06, 0.999967, -1e-06, 0.0, -1.4e-05, 1.4e-05, 1.000005, 0.0, -0.002192, -0.010914, 0.000489, 1.0], "rotation": [0.999744, -0.021195, 0.001027, 0.0, 0.021211, 0.996802, -0.076545, 0.0, 0.000597, 0.076562, 0.997076, 0.0, 0.00165, 0.073619, -0.085889, 1.0]}, {"time": 0.37001466751098633, "position": [0.999968, 2.6e-05, 1.2e-05, 0.0, -2.6e-05, 0.999967, -1.1e-05, 0.0, -1.4e-05, 2.4e-05, 1.000005, 0.0, -0.002164, -0.010916, 0.000477, 1.0], "rotation": [0.999744, -0.02112, 0.001101, 0.0, 0.021142, 0.996803, -0.076562, 0.0, 0.000518, 0.07658, 0.997074, 0.0, 0.00165, 0.073618, -0.08589, 1.0]}, {"time": 0.37399935722351074, "position": [0.999969, 3.8e-05, 1.2e-05, 0.0, -3.8e-05, 0.999967, -1.7e-05, 0.0, -1.4e-05, 3e-05, 1.000005, 0.0, -0.002173, -0.010921, 0.000488, 1.0], "rotation": [0.999745, -0.021111, 0.000944, 0.0, 0.021122, 0.996808, -0.076508, 0.0, 0.000673, 0.076523, 0.997077, 0.0, 0.001636, 0.073623, -0.085886, 1.0]}, {"time": 0.37599658966064453, "position": [0.999969, 5.2e-05, 1.2e-05, 0.0, -5.2e-05, 0.999966, -2.2e-05, 0.0, -1.4e-05, 3.5e-05, 1.000005, 0.0, -0.002163, -0.010934, 0.000467, 1.0], "rotation": [0.999746, -0.021074, 0.001094, 0.0, 0.021096, 0.996803, -0.076549, 0.0, 0.000521, 0.076567, 0.997074, 0.0, 0.001646, 0.073619, -0.085889, 1.0]}, {"time": 0.37897753715515137, "position": [0.999969, 7.1e-05, 1.2e-05, 0.0, -7.1e-05, 0.999967, -2.9e-05, 0.0, -1.4e-05, 4.2e-05, 1.000006, 0.0, -0.002153, -0.010963, 0.000454, 1.0], "rotation": [0.999747, -0.021051, 0.001085, 0.0, 0.021073, 0.996802, -0.076615, 0.0, 0.00053, 0.076632, 0.997071, 0.0, 0.001644, 0.073613, -0.085894, 1.0]}, {"time": 0.3799777030944824, "position": [0.999969, 8.8e-05, 1.2e-05, 0.0, -8.8e-05, 0.999967, -3.9e-05, 0.0, -1.4e-05, 5.2e-05, 1.000006, 0.0, -0.002172, -0.010963, 0.000458, 1.0], "rotation": [0.999747, -0.021021, 0.001105, 0.0, 0.021045, 0.996803, -0.076597, 0.0, 0.000507, 0.076616, 0.997074, 0.0, 0.001643, 0.073615, -0.085892, 1.0]}, {"time": 0.38197779655456543, "position": [0.999968, 0.000101, 1.2e-05, 0.0, -0.000101, 0.999967, -4.1e-05, 0.0, -1.4e-05, 5.4e-05, 1.000005, 0.0, -0.002163, -0.010929, 0.000493, 1.0], "rotation": [0.999745, -0.021026, 0.001018, 0.0, 0.021043, 0.996803, -0.0766, 0.0, 0.000594, 0.076616, 0.997071, 0.0, 0.001636, 0.073615, -0.085893, 1.0]}, {"time": 0.38397693634033203, "position": [0.999968, 0.000115, 1.1e-05, 0.0, -0.000115, 0.999967, -4.7e-05, 0.0, -1.4e-05, 6e-05, 1.000005, 0.0, -0.002172, -0.010923, 0.000493, 1.0], "rotation": [0.999746, -0.021012, 0.001076, 0.0, 0.021034, 0.996801, -0.076623, 0.0, 0.000536, 0.076641, 0.997068, 0.0, 0.00164, 0.073613, -0.085894, 1.0]}, {"time": 0.3849794864654541, "position": [0.999969, 0.000125, 1.1e-05, 0.0, -0.000125, 0.999967, -5.4e-05, 0.0, -1.4e-05, 6.7e-05, 1.000005, 0.0, -0.002153, -0.010892, 0.000528, 1.0], "rotation": [0.999748, -0.020966, 0.001069, 0.0, 0.020987, 0.996805, -0.076575, 0.0, 0.000539, 0.076593, 0.997073, 0.0, 0.001636, 0.073617, -0.085891, 1.0]}, {"time": 0.3869781494140625, "position": [0.999969, 0.000145, 1.1e-05, 0.0, -0.000145, 0.999968, -6.6e-05, 0.0, -1.4e-05, 7.8e-05, 1.000005, 0.0, -0.002127, -0.010921, 0.000528, 1.0], "rotation": [0.999748, -0.02101, 0.001126, 0.0, 0.021035, 0.996804, -0.076597, 0.0, 0.000485, 0.076615, 0.997071, 0.0, 0.001644, 0.073615, -0.085892, 1.0]}, {"time": 0.3889803886413574, "position": [0.999968, 0.000164, 1.1e-05, 0.0, -0.000164, 0.999967, -7.2e-05, 0.0, -1.4e-05, 8.4e-05, 1.000004, 0.0, -0.002093, -0.010885, 0.000572, 1.0], "rotation": [0.999745, -0.021049, 0.001183, 0.0, 0.021079, 0.996804, -0.076577, 0.0, 0.000431, 0.076596, 0.997071, 0.0, 0.001652, 0.073616, -0.085891, 1.0]}, {"time": 0.38997840881347656, "position": [0.999968, 0.000168, 1.1e-05, 0.0, -0.000168, 0.999967, -7.1e-05, 0.0, -1.4e-05, 8.4e-05, 1.000005, 0.0, -0.002096, -0.01087, 0.000594, 1.0], "rotation": [0.999747, -0.020969, 0.001117, 0.0, 0.020994, 0.996807, -0.07656, 0.0, 0.00049, 0.076578, 0.997073, 0.0, 0.001641, 0.073618, -0.08589, 1.0]}, {"time": 0.391979455947876, "position": [0.999969, 0.000168, 1.1e-05, 0.0, -0.000168, 0.999967, -7.1e-05, 0.0, -1.4e-05, 8.4e-05, 1.000005, 0.0, -0.002101, -0.010875, 0.000577, 1.0], "rotation": [0.999748, -0.020958, 0.001087, 0.0, 0.02098, 0.996799, -0.076663, 0.0, 0.000521, 0.07668, 0.997066, 0.0, 0.001637, 0.073609, -0.085897, 1.0]}, {"time": 0.39298129081726074, "position": [0.999969, 0.000173, 1.1e-05, 0.0, -0.000173, 0.999968, -7.6e-05, 0.0, -1.3e-05, 8.9e-05, 1.000005, 0.0, -0.002086, -0.010882, 0.000578, 1.0], "rotation": [0.999746, -0.02104, 0.001146, 0.0, 0.021066, 0.996805, -0.076579, 0.0, 0.000468, 0.076598, 0.997073, 0.0, 0.001648, 0.073616, -0.085891, 1.0]}, {"time": 0.39497828483581543, "position": [0.999968, 0.000175, 1.1e-05, 0.0, -0.000175, 0.999968, -7.6e-05, 0.0, -1.4e-05, 8.9e-05, 1.000005, 0.0, -0.002097, -0.010951, 0.000533, 1.0], "rotation": [0.999744, -0.021109, 0.001081, 0.0, 0.02113, 0.996798, -0.076664, 0.0, 0.000539, 0.076682, 0.997066, 0.0, 0.001648, 0.073609, -0.085897, 1.0]}, {"time": 0.39697980880737305, "position": [0.999969, 0.000172, 1.1e-05, 0.0, -0.000172, 0.999967, -7.4e-05, 0.0, -1.4e-05, 8.6e-05, 1.000005, 0.0, -0.002102, -0.010974, 0.000497, 1.0], "rotation": [0.999748, -0.02104, 0.001147, 0.0, 0.021066, 0.996792, -0.07674, 0.0, 0.000469, 0.076759, 0.997059, 0.0, 0.001648, 0.073602, -0.085903, 1.0]}, {"time": 0.3979527950286865, "position": [0.999969, 0.000175, 1.1e-05, 0.0, -0.000175, 0.999967, -7.6e-05, 0.0, -1.4e-05, 9e-05, 1.000006, 0.0, -0.002113, -0.010992, 0.000491, 1.0], "rotation": [0.999745, -0.021125, 0.001177, 0.0, 0.021154, 0.996797, -0.076637, 0.0, 0.000444, 0.076657, 0.997069, 0.0, 0.001657, 0.073611, -0.085895, 1.0]}, {"time": 0.399979829788208, "position": [0.999969, 0.000179, 1.1e-05, 0.0, -0.000179, 0.999967, -7.7e-05, 0.0, -1.3e-05, 8.9e-05, 1.000005, 0.0, -0.002137, -0.011007, 0.000456, 1.0], "rotation": [0.999748, -0.020973, 0.001095, 0.0, 0.020995, 0.996802, -0.076624, 0.0, 0.000513, 0.076641, 0.997069, 0.0, 0.001639, 0.073613, -0.085894, 1.0]}, {"time": 0.4019761085510254, "position": [0.999969, 0.000184, 1.1e-05, 0.0, -0.000184, 0.999967, -7.5e-05, 0.0, -1.3e-05, 8.8e-05, 1.000005, 0.0, -0.002132, -0.010974, 0.000461, 1.0], "rotation": [0.999749, -0.020972, 0.001014, 0.0, 0.020989, 0.996802, -0.076617, 0.0, 0.000594, 0.076633, 0.997071, 0.0, 0.001632, 0.073613, -0.085894, 1.0]}, {"time": 0.40297389030456543, "position": [0.999969, 0.000188, 1.1e-05, 0.0, -0.000188, 0.999967, -7.7e-05, 0.0, -1.3e-05, 9e-05, 1.000005, 0.0, -0.002131, -0.010974, 0.000461, 1.0], "rotation": [0.999749, -0.020968, 0.001014, 0.0, 0.020984, 0.996802, -0.076618, 0.0, 0.000594, 0.076635, 0.99707, 0.0, 0.001632, 0.073613, -0.085894, 1.0]}, {"time": 0.5119976997375488, "position": [0.999968, 0.000191, 1.1e-05, 0.0, -0.000191, 0.999967, -7.8e-05, 0.0, -1.3e-05, 9.1e-05, 1.000005, 0.0, -0.002128, -0.010993, 0.000477, 1.0], "rotation": [0.999745, -0.021019, 0.001131, 0.0, 0.021044, 0.9968, -0.076616, 0.0, 0.000481, 0.076635, 0.997069, 0.0, 0.001645, 0.073613, -0.085894, 1.0]}, {"time": 0.622999906539917, "position": [0.999969, 0.0002, 1.1e-05, 0.0, -0.0002, 0.999968, -7.7e-05, 0.0, -1.3e-05, 8.9e-05, 1.000005, 0.0, -0.002212, -0.010951, 0.000519, 1.0], "rotation": [0.999746, -0.021048, 0.000991, 0.0, 0.021062, 0.996802, -0.076612, 0.0, 0.000623, 0.076627, 0.99707, 0.0, 0.001636, 0.073614, -0.085893, 1.0]}, {"time": 0.7679524421691895, "position": [0.999969, 0.000201, 1.1e-05, 0.0, -0.000201, 0.999967, -7.8e-05, 0.0, -1.3e-05, 9.1e-05, 1.000005, 0.0, -0.002229, -0.010969, 0.000546, 1.0], "rotation": [0.999747, -0.021004, 0.000939, 0.0, 0.021014, 0.996802, -0.076624, 0.0, 0.000671, 0.076638, 0.99707, 0.0, 0.001628, 0.073613, -0.085894, 1.0]}, {"time": 0.9409792423248291, "position": [0.999969, 0.000201, 1.1e-05, 0.0, -0.0002, 0.999967, -7.7e-05, 0.0, -1.3e-05, 9e-05, 1.000005, 0.0, -0.002203, -0.011018, 0.000545, 1.0], "rotation": [0.999749, -0.020909, 0.001093, 0.0, 0.020931, 0.996801, -0.076655, 0.0, 0.000512, 0.076673, 0.997068, 0.0, 0.001634, 0.07361, -0.085897, 1.0]}, {"time": 1.061976671218872, "position": [0.999969, 0.000198, 1.1e-05, 0.0, -0.000198, 0.999967, -7.6e-05, 0.0, -1.3e-05, 8.9e-05, 1.000005, 0.0, -0.002161, -0.011038, 0.000529, 1.0], "rotation": [0.99975, -0.02092, 0.001201, 0.0, 0.020951, 0.996797, -0.076685, 0.0, 0.000405, 0.076705, 0.997065, 0.0, 0.001644, 0.073607, -0.085899, 1.0]}, {"time": 1.2299563884735107, "position": [0.999969, 0.000199, 1.1e-05, 0.0, -0.000199, 0.999967, -7.4e-05, 0.0, -1.3e-05, 8.7e-05, 1.000005, 0.0, -0.002177, -0.011038, 0.00051, 1.0], "rotation": [0.99975, -0.020926, 0.001058, 0.0, 0.020946, 0.996804, -0.076611, 0.0, 0.000547, 0.076628, 0.99707, 0.0, 0.001632, 0.073614, -0.085893, 1.0]}, {"time": 1.537978172302246, "position": [0.999969, 0.000201, 1.1e-05, 0.0, -0.000201, 0.999967, -7.1e-05, 0.0, -1.3e-05, 8.4e-05, 1.000006, 0.0, -0.002133, -0.010918, 0.000529, 1.0], "rotation": [0.999747, -0.02104, 0.001045, 0.0, 0.021059, 0.996803, -0.076594, 0.0, 0.000568, 0.076611, 0.997073, 0.0, 0.00164, 0.073615, -0.085892, 1.0]}, {"time": 1.6809747219085693, "position": [0.999969, 0.000205, 1.1e-05, 0.0, -0.000205, 0.999967, -7.1e-05, 0.0, -1.3e-05, 8.4e-05, 1.000005, 0.0, -0.002121, -0.010841, 0.000558, 1.0], "rotation": [0.999749, -0.020923, 0.001029, 0.0, 0.02094, 0.996813, -0.076503, 0.0, 0.000573, 0.07652, 0.997078, 0.0, 0.00163, 0.073623, -0.085885, 1.0]}, {"time": 1.7609755992889404, "position": [0.999969, 0.000205, 1.1e-05, 0.0, -0.000205, 0.999968, -7.2e-05, 0.0, -1.3e-05, 8.4e-05, 1.000006, 0.0, -0.002085, -0.010815, 0.000589, 1.0], "rotation": [0.999748, -0.020951, 0.001097, 0.0, 0.020974, 0.996809, -0.076556, 0.0, 0.000509, 0.076573, 0.997075, 0.0, 0.001638, 0.073619, -0.085889, 1.0]}, {"time": 1.899000883102417, "position": [0.999968, 0.000206, 1.1e-05, 0.0, -0.000205, 0.999967, -7.2e-05, 0.0, -1.3e-05, 8.5e-05, 1.000005, 0.0, -0.002077, -0.010796, 0.000598, 1.0], "rotation": [0.999747, -0.020999, 0.001047, 0.0, 0.021018, 0.996808, -0.076531, 0.0, 0.000562, 0.076548, 0.997077, 0.0, 0.001637, 0.073621, -0.085887, 1.0]}, {"time": 2.091998815536499, "position": [0.999969, 0.000207, 1.1e-05, 0.0, -0.000207, 0.999967, -7.4e-05, 0.0, -1.3e-05, 8.6e-05, 1.000005, 0.0, -0.002109, -0.010837, 0.00057, 1.0], "rotation": [0.999747, -0.020998, 0.000939, 0.0, 0.021009, 0.996795, -0.076715, 0.0, 0.000673, 0.076731, 0.997063, 0.0, 0.001627, 0.073605, -0.085901, 1.0]}, {"time": 2.2190492153167725, "position": [0.999969, 0.000206, 1.1e-05, 0.0, -0.000206, 0.999967, -7.4e-05, 0.0, -1.3e-05, 8.7e-05, 1.000005, 0.0, -0.002079, -0.010878, 0.000581, 1.0], "rotation": [0.999747, -0.020989, 0.001143, 0.0, 0.021015, 0.996808, -0.076522, 0.0, 0.000465, 0.076541, 0.997076, 0.0, 0.001644, 0.073621, -0.085887, 1.0]}, {"time": 2.601045608520508, "position": [0.999969, 0.000206, 1.1e-05, 0.0, -0.000206, 0.999967, -7.4e-05, 0.0, -1.3e-05, 8.7e-05, 1.000005, 0.0, -0.002106, -0.010926, 0.000562, 1.0], "rotation": [0.999745, -0.021127, 0.001003, 0.0, 0.021142, 0.996803, -0.076578, 0.0, 0.000616, 0.076594, 0.997073, 0.0, 0.001642, 0.073617, -0.085891, 1.0]}, {"time": 2.603050947189331, "position": [0.999969, 0.000208, 1.1e-05, 0.0, -0.000208, 0.999967, -7.4e-05, 0.0, -1.3e-05, 8.7e-05, 1.000005, 0.0, -0.0021, -0.010901, 0.000572, 1.0], "rotation": [0.999745, -0.021148, 0.001064, 0.0, 0.021168, 0.996807, -0.076507, 0.0, 0.000555, 0.076525, 0.997078, 0.0, 0.001649, 0.073622, -0.085886, 1.0]}, {"time": 2.6040444374084473, "position": [0.999969, 0.00021, 1.1e-05, 0.0, -0.000209, 0.999967, -7.4e-05, 0.0, -1.3e-05, 8.6e-05, 1.000005, 0.0, -0.002118, -0.010908, 0.000558, 1.0], "rotation": [0.999746, -0.021071, 0.001069, 0.0, 0.021092, 0.996807, -0.076542, 0.0, 0.000545, 0.076558, 0.997076, 0.0, 0.001644, 0.07362, -0.085888, 1.0]}, {"time": 2.6730494499206543, "position": [0.999968, 0.000212, 1.1e-05, 0.0, -0.000211, 0.999968, -7.4e-05, 0.0, -1.3e-05, 8.7e-05, 1.000005, 0.0, -0.002182, -0.010908, 0.000565, 1.0], "rotation": [0.999746, -0.021023, 0.000941, 0.0, 0.021034, 0.996807, -0.076559, 0.0, 0.00067, 0.076575, 0.997075, 0.0, 0.001629, 0.073618, -0.08589, 1.0]}, {"time": 2.761046886444092, "position": [0.999969, 0.000213, 1.1e-05, 0.0, -0.000213, 0.999967, -7.4e-05, 0.0, -1.3e-05, 8.7e-05, 1.000005, 0.0, -0.002217, -0.010905, 0.000539, 1.0], "rotation": [0.999746, -0.021074, 0.000964, 0.0, 0.021086, 0.996813, -0.076457, 0.0, 0.000649, 0.076473, 0.997083, 0.0, 0.001635, 0.073627, -0.085882, 1.0]}, {"time": 2.8240456581115723, "position": [0.999968, 0.000216, 1.1e-05, 0.0, -0.000216, 0.999967, -7.3e-05, 0.0, -1.3e-05, 8.6e-05, 1.000005, 0.0, -0.002213, -0.010901, 0.000532, 1.0], "rotation": [0.99975, -0.020841, 0.001091, 0.0, 0.020863, 0.996809, -0.076567, 0.0, 0.000507, 0.076585, 0.997073, 0.0, 0.001629, 0.073618, -0.08589, 1.0]}, {"time": 2.951003074645996, "position": [0.999969, 0.00022, 1.1e-05, 0.0, -0.00022, 0.999968, -7.3e-05, 0.0, -1.3e-05, 8.6e-05, 1.000005, 0.0, -0.002222, -0.010892, 0.000518, 1.0], "rotation": [0.999747, -0.021001, 0.000982, 0.0, 0.021015, 0.996803, -0.076619, 0.0, 0.000628, 0.076634, 0.99707, 0.0, 0.001631, 0.073613, -0.085894, 1.0]}, {"time": 3.0670228004455566, "position": [0.999968, 0.000224, 1.1e-05, 0.0, -0.000224, 0.999967, -7.4e-05, 0.0, -1.3e-05, 8.6e-05, 1.000005, 0.0, -0.002198, -0.010833, 0.00057, 1.0], "rotation": [0.999747, -0.021011, 0.000975, 0.0, 0.021024, 0.996809, -0.076522, 0.0, 0.000634, 0.076537, 0.997077, 0.0, 0.001632, 0.073622, -0.085887, 1.0]}, {"time": 3.178060531616211, "position": [0.999969, 0.000225, 1.1e-05, 0.0, -0.000224, 0.999967, -7.4e-05, 0.0, -1.3e-05, 8.6e-05, 1.000005, 0.0, -0.002178, -0.010833, 0.000575, 1.0], "rotation": [0.999748, -0.020942, 0.001011, 0.0, 0.020959, 0.996808, -0.076551, 0.0, 0.000594, 0.076567, 0.997074, 0.0, 0.00163, 0.073619, -0.085889, 1.0]}, {"time": 3.1890509128570557, "position": [0.999969, 0.000225, 1.1e-05, 0.0, -0.000224, 0.999967, -7.4e-05, 0.0, -1.3e-05, 8.7e-05, 1.000005, 0.0, -0.002178, -0.010833, 0.000575, 1.0], "rotation": [0.999748, -0.020942, 0.001011, 0.0, 0.020959, 0.996808, -0.076551, 0.0, 0.000594, 0.076567, 0.997075, 0.0, 0.00163, 0.073619, -0.085889, 1.0]}, {"time": 3.1950488090515137, "position": [0.999969, 0.000225, 1.1e-05, 0.0, -0.000225, 0.999967, -7.4e-05, 0.0, -1.3e-05, 8.7e-05, 1.000005, 0.0, -0.002136, -0.010844, 0.000562, 1.0], "rotation": [0.999748, -0.021043, 0.001072, 0.0, 0.021063, 0.996798, -0.076648, 0.0, 0.000542, 0.076666, 0.997068, 0.0, 0.001642, 0.07361, -0.085896, 1.0]}, {"time": 3.3610446453094482, "position": [0.999968, 0.000225, 1.1e-05, 0.0, -0.000225, 0.999967, -7.4e-05, 0.0, -1.3e-05, 8.7e-05, 1.000004, 0.0, -0.002188, -0.010859, 0.000552, 1.0], "rotation": [0.999747, -0.020973, 0.001012, 0.0, 0.02099, 0.996803, -0.076604, 0.0, 0.000596, 0.07662, 0.997069, 0.0, 0.001632, 0.073615, -0.085893, 1.0]}, {"time": 3.465047597885132, "position": [0.999968, 0.000224, 1.1e-05, 0.0, -0.000224, 0.999967, -7.4e-05, 0.0, -1.3e-05, 8.7e-05, 1.000005, 0.0, -0.002158, -0.010871, 0.000566, 1.0], "rotation": [0.999749, -0.020852, 0.001004, 0.0, 0.020868, 0.996802, -0.076665, 0.0, 0.000597, 0.076681, 0.997067, 0.0, 0.001622, 0.073609, -0.085897, 1.0]}, {"time": 3.467052698135376, "position": [0.999968, 0.000224, 1.1e-05, 0.0, -0.000224, 0.999967, -7.4e-05, 0.0, -1.3e-05, 8.7e-05, 1.000005, 0.0, -0.002158, -0.010871, 0.000566, 1.0], "rotation": [0.999749, -0.020852, 0.001004, 0.0, 0.020868, 0.996802, -0.076665, 0.0, 0.000597, 0.076681, 0.997066, 0.0, 0.001622, 0.073609, -0.085897, 1.0]}, {"time": 3.4710497856140137, "position": [0.999969, 0.000224, 1.1e-05, 0.0, -0.000224, 0.999967, -7.4e-05, 0.0, -1.3e-05, 8.7e-05, 1.000005, 0.0, -0.002158, -0.010871, 0.000566, 1.0], "rotation": [0.99975, -0.020852, 0.001004, 0.0, 0.020868, 0.996802, -0.076665, 0.0, 0.000597, 0.076681, 0.997066, 0.0, 0.001622, 0.073609, -0.085897, 1.0]}, {"time": 3.6270031929016113, "position": [0.999969, 0.000225, 1.1e-05, 0.0, -0.000225, 0.999967, -7.4e-05, 0.0, -1.3e-05, 8.7e-05, 1.000005, 0.0, -0.002113, -0.010874, 0.000601, 1.0], "rotation": [0.999749, -0.020905, 0.001004, 0.0, 0.020921, 0.996804, -0.076617, 0.0, 0.000599, 0.076632, 0.99707, 0.0, 0.001626, 0.073614, -0.085894, 1.0]}, {"time": 3.7120492458343506, "position": [0.999969, 0.000225, 1.1e-05, 0.0, -0.000225, 0.999967, -7.5e-05, 0.0, -1.3e-05, 8.8e-05, 1.000005, 0.0, -0.002074, -0.010895, 0.000604, 1.0], "rotation": [0.99975, -0.020881, 0.001063, 0.0, 0.020902, 0.9968, -0.076672, 0.0, 0.00054, 0.07669, 0.997065, 0.0, 0.001629, 0.073609, -0.085898, 1.0]}, {"time": 3.803027629852295, "position": [0.999969, 0.000225, 1.1e-05, 0.0, -0.000225, 0.999967, -7.5e-05, 0.0, -1.3e-05, 8.7e-05, 1.000006, 0.0, -0.002033, -0.01089, 0.00061, 1.0], "rotation": [0.999749, -0.020936, 0.001075, 0.0, 0.020957, 0.996798, -0.076686, 0.0, 0.000532, 0.076703, 0.997065, 0.0, 0.001634, 0.073607, -0.085899, 1.0]}, {"time": 3.883047580718994, "position": [0.999969, 0.000225, 1.1e-05, 0.0, -0.000225, 0.999967, -7.5e-05, 0.0, -1.3e-05, 8.7e-05, 1.000006, 0.0, -0.002049, -0.010878, 0.000607, 1.0], "rotation": [0.999749, -0.020884, 0.000987, 0.0, 0.020898, 0.99681, -0.076533, 0.0, 0.000613, 0.076549, 0.997077, 0.0, 0.001623, 0.073621, -0.085888, 1.0]}, {"time": 3.9900240898132324, "position": [0.999968, 0.000225, 1.1e-05, 0.0, -0.000225, 0.999968, -7.4e-05, 0.0, -1.3e-05, 8.7e-05, 1.000005, 0.0, -0.001988, -0.010862, 0.000638, 1.0], "rotation": [0.999748, -0.020901, 0.001044, 0.0, 0.02092, 0.996814, -0.076497, 0.0, 0.000556, 0.076513, 0.997077, 0.0, 0.001629, 0.073624, -0.085885, 1.0]}, {"time": 4.107027292251587, "position": [0.999969, 0.000221, 1.1e-05, 0.0, -0.000221, 0.999967, -7.4e-05, 0.0, -1.3e-05, 8.7e-05, 1.000005, 0.0, -0.001964, -0.010861, 0.000633, 1.0], "rotation": [0.999745, -0.021084, 0.00106, 0.0, 0.021103, 0.996797, -0.076642, 0.0, 0.000557, 0.07666, 0.997068, 0.0, 0.001644, 0.073611, -0.085896, 1.0]}, {"time": 4.52302360534668, "position": [0.999968, 0.000221, 1.1e-05, 0.0, -0.00022, 0.999968, -7.4e-05, 0.0, -1.3e-05, 8.6e-05, 1.000005, 0.0, -0.002056, -0.010851, 0.000628, 1.0], "rotation": [0.999744, -0.021131, 0.001018, 0.0, 0.021147, 0.9968, -0.076619, 0.0, 0.000603, 0.076635, 0.997068, 0.0, 0.001644, 0.073613, -0.085894, 1.0]}, {"time": 4.525024652481079, "position": [0.999969, 0.000221, 1.1e-05, 0.0, -0.00022, 0.999968, -7.4e-05, 0.0, -1.3e-05, 8.7e-05, 1.000006, 0.0, -0.002089, -0.010869, 0.000624, 1.0], "rotation": [0.999746, -0.02105, 0.00097, 0.0, 0.021063, 0.996801, -0.076627, 0.0, 0.000645, 0.076643, 0.99707, 0.0, 0.001634, 0.073612, -0.085895, 1.0]}, {"time": 4.527024269104004, "position": [0.999969, 0.000221, 1.1e-05, 0.0, -0.000221, 0.999967, -7.4e-05, 0.0, -1.3e-05, 8.6e-05, 1.000005, 0.0, -0.002069, -0.010923, 0.000582, 1.0], "rotation": [0.999745, -0.021138, 0.001152, 0.0, 0.021165, 0.996791, -0.076718, 0.0, 0.000472, 0.076737, 0.997062, 0.0, 0.001656, 0.073604, -0.085901, 1.0]}, {"time": 4.529051780700684, "position": [0.999969, 0.000221, 1.1e-05, 0.0, -0.00022, 0.999967, -7.4e-05, 0.0, -1.3e-05, 8.7e-05, 1.000006, 0.0, -0.002125, -0.010936, 0.000574, 1.0], "rotation": [0.999747, -0.02103, 0.001012, 0.0, 0.021046, 0.996792, -0.076745, 0.0, 0.000603, 0.076762, 0.997061, 0.0, 0.001636, 0.073602, -0.085903, 1.0]}, {"time": 4.650027275085449, "position": [0.999969, 0.00022, 1.1e-05, 0.0, -0.00022, 0.999966, -7.4e-05, 0.0, -1.3e-05, 8.7e-05, 1.000005, 0.0, -0.00212, -0.011023, 0.00051, 1.0], "rotation": [0.999746, -0.021044, 0.00113, 0.0, 0.021069, 0.996799, -0.076623, 0.0, 0.000484, 0.076643, 0.997069, 0.0, 0.001647, 0.073613, -0.085894, 1.0]}, {"time": 4.7480628490448, "position": [0.999968, 0.000222, 1.1e-05, 0.0, -0.000222, 0.999967, -7.4e-05, 0.0, -1.3e-05, 8.6e-05, 1.000005, 0.0, -0.002116, -0.011006, 0.000533, 1.0], "rotation": [0.999744, -0.02113, 0.001023, 0.0, 0.021147, 0.996804, -0.076568, 0.0, 0.000597, 0.076584, 0.997073, 0.0, 0.001644, 0.073617, -0.08589, 1.0]}, {"time": 4.822025537490845, "position": [0.999969, 0.000225, 1.1e-05, 0.0, -0.000225, 0.999967, -7.3e-05, 0.0, -1.3e-05, 8.6e-05, 1.000005, 0.0, -0.002095, -0.011028, 0.000514, 1.0], "rotation": [0.999748, -0.020976, 0.000994, 0.0, 0.020991, 0.996794, -0.076731, 0.0, 0.000617, 0.076746, 0.99706, 0.0, 0.00163, 0.073604, -0.085902, 1.0]}, {"time": 4.916046142578125, "position": [0.999969, 0.000228, 1.1e-05, 0.0, -0.000228, 0.999968, -7.3e-05, 0.0, -1.3e-05, 8.6e-05, 1.000005, 0.0, -0.002146, -0.011002, 0.000503, 1.0], "rotation": [0.999748, -0.02094, 0.001118, 0.0, 0.020964, 0.996807, -0.076578, 0.0, 0.000488, 0.076596, 0.997073, 0.0, 0.001639, 0.073617, -0.085891, 1.0]}, {"time": 5.014025449752808, "position": [0.999968, 0.000235, 1.1e-05, 0.0, -0.000235, 0.999968, -7.3e-05, 0.0, -1.3e-05, 8.6e-05, 1.000005, 0.0, -0.002127, -0.010989, 0.000497, 1.0], "rotation": [0.999747, -0.020975, 0.000946, 0.0, 0.020986, 0.996807, -0.076577, 0.0, 0.000662, 0.076592, 0.997071, 0.0, 0.001626, 0.073617, -0.085891, 1.0]}, {"time": 5.138002395629883, "position": [0.999969, 0.000237, 1.1e-05, 0.0, -0.000237, 0.999967, -7.3e-05, 0.0, -1.3e-05, 8.6e-05, 1.000006, 0.0, -0.00211, -0.010993, 0.000487, 1.0], "rotation": [0.999748, -0.02103, 0.001116, 0.0, 0.021054, 0.996798, -0.076655, 0.0, 0.000498, 0.076674, 0.997068, 0.0, 0.001645, 0.07361, -0.085897, 1.0]}, {"time": 5.24200177192688, "position": [0.999969, 0.00024, 1.1e-05, 0.0, -0.00024, 0.999967, -7.3e-05, 0.0, -1.3e-05, 8.6e-05, 1.000005, 0.0, -0.002168, -0.010994, 0.000481, 1.0], "rotation": [0.99975, -0.020899, 0.001009, 0.0, 0.020915, 0.996802, -0.076638, 0.0, 0.000595, 0.076654, 0.997069, 0.0, 0.001626, 0.073612, -0.085895, 1.0]}, {"time": 5.332051038742065, "position": [0.999969, 0.000241, 1.1e-05, 0.0, -0.000241, 0.999967, -7.3e-05, 0.0, -1.3e-05, 8.6e-05, 1.000005, 0.0, -0.002118, -0.011036, 0.00048, 1.0], "rotation": [0.999745, -0.021108, 0.001131, 0.0, 0.021133, 0.996795, -0.076683, 0.0, 0.00049, 0.076702, 0.997064, 0.0, 0.001652, 0.073607, -0.085899, 1.0]}, {"time": 5.429048538208008, "position": [0.999969, 0.000242, 1.1e-05, 0.0, -0.000242, 0.999967, -7.3e-05, 0.0, -1.3e-05, 8.6e-05, 1.000005, 0.0, -0.002137, -0.011056, 0.000469, 1.0], "rotation": [0.999745, -0.02109, 0.001029, 0.0, 0.021107, 0.996793, -0.07671, 0.0, 0.00059, 0.076726, 0.997062, 0.0, 0.001642, 0.073605, -0.085901, 1.0]}, {"time": 5.492023944854736, "position": [0.999969, 0.000242, 1.1e-05, 0.0, -0.000242, 0.999967, -7.3e-05, 0.0, -1.3e-05, 8.6e-05, 1.000005, 0.0, -0.002133, -0.011061, 0.000483, 1.0], "rotation": [0.999744, -0.021134, 0.001077, 0.0, 0.021155, 0.996785, -0.076787, 0.0, 0.000547, 0.076804, 0.997056, 0.0, 0.001649, 0.073598, -0.085906, 1.0]}, {"time": 5.602051258087158, "position": [0.999969, 0.000244, 1.1e-05, 0.0, -0.000244, 0.999968, -7.3e-05, 0.0, -1.3e-05, 8.6e-05, 1.000005, 0.0, -0.002139, -0.011034, 0.000508, 1.0], "rotation": [0.999745, -0.021122, 0.001084, 0.0, 0.021143, 0.996799, -0.076642, 0.0, 0.000537, 0.076659, 0.997067, 0.0, 0.001649, 0.073611, -0.085896, 1.0]}, {"time": 5.67800235748291, "position": [0.999969, 0.000246, 1.1e-05, 0.0, -0.000246, 0.999967, -7.3e-05, 0.0, -1.3e-05, 8.6e-05, 1.000005, 0.0, -0.002185, -0.011026, 0.0005, 1.0], "rotation": [0.999749, -0.020948, 0.001109, 0.0, 0.020972, 0.996801, -0.076642, 0.0, 0.000499, 0.076661, 0.997068, 0.0, 0.001638, 0.073611, -0.085896, 1.0]}, {"time": 5.712051630020142, "position": [0.999968, 0.000246, 1.1e-05, 0.0, -0.000246, 0.999967, -7.3e-05, 0.0, -1.3e-05, 8.6e-05, 1.000005, 0.0, -0.002147, -0.011001, 0.000514, 1.0], "rotation": [0.999747, -0.020967, 0.001213, 0.0, 0.020998, 0.996797, -0.076684, 0.0, 0.000397, 0.076704, 0.997065, 0.0, 0.001648, 0.073607, -0.085899, 1.0]}, {"time": 5.859025001525879, "position": [0.999968, 0.000247, 1.1e-05, 0.0, -0.000247, 0.999967, -7.3e-05, 0.0, -1.3e-05, 8.6e-05, 1.000005, 0.0, -0.002146, -0.010985, 0.000509, 1.0], "rotation": [0.999745, -0.021045, 0.001103, 0.0, 0.021069, 0.996805, -0.076551, 0.0, 0.000509, 0.076569, 0.997075, 0.0, 0.001645, 0.073619, -0.085889, 1.0]}, {"time": 5.918033599853516, "position": [0.999969, 0.000248, 1.1e-05, 0.0, -0.000248, 0.999968, -7.4e-05, 0.0, -1.3e-05, 8.6e-05, 1.000006, 0.0, -0.002155, -0.010965, 0.000522, 1.0], "rotation": [0.999747, -0.020991, 0.001094, 0.0, 0.021013, 0.996802, -0.076642, 0.0, 0.000516, 0.076659, 0.997069, 0.0, 0.00164, 0.073611, -0.085896, 1.0]}, {"time": 5.988034725189209, "position": [0.999969, 0.000248, 1.1e-05, 0.0, -0.000248, 0.999967, -7.4e-05, 0.0, -1.3e-05, 8.6e-05, 1.000005, 0.0, -0.002125, -0.01095, 0.000524, 1.0], "rotation": [0.999746, -0.021095, 0.00115, 0.0, 0.021121, 0.996801, -0.076606, 0.0, 0.000468, 0.076625, 0.99707, 0.0, 0.001653, 0.073614, -0.085893, 1.0]}, {"time": 6.076026678085327, "position": [0.999968, 0.000248, 1.1e-05, 0.0, -0.000248, 0.999967, -7.4e-05, 0.0, -1.3e-05, 8.7e-05, 1.000005, 0.0, -0.002134, -0.010963, 0.000517, 1.0], "rotation": [0.999746, -0.020992, 0.001163, 0.0, 0.02102, 0.996794, -0.076722, 0.0, 0.000449, 0.076741, 0.997062, 0.0, 0.001646, 0.073604, -0.085902, 1.0]}, {"time": 6.178000450134277, "position": [0.999968, 0.000248, 1.1e-05, 0.0, -0.000247, 0.999967, -7.5e-05, 0.0, -1.3e-05, 8.7e-05, 1.000005, 0.0, -0.002107, -0.010943, 0.000541, 1.0], "rotation": [0.999744, -0.02109, 0.001105, 0.0, 0.021113, 0.996803, -0.076585, 0.0, 0.000512, 0.076603, 0.997071, 0.0, 0.001648, 0.073616, -0.085891, 1.0]}, {"time": 6.554068326950073, "position": [0.999968, 0.000248, 1.1e-05, 0.0, -0.000248, 0.999967, -7.6e-05, 0.0, -1.3e-05, 8.9e-05, 1.000006, 0.0, -0.002136, -0.010979, 0.000518, 1.0], "rotation": [0.999748, -0.020928, 0.00107, 0.0, 0.020949, 0.996788, -0.07681, 0.0, 0.000539, 0.076828, 0.997056, 0.0, 0.001633, 0.073597, -0.085908, 1.0]}, {"time": 6.5560462474823, "position": [0.999968, 0.000247, 1.1e-05, 0.0, -0.000247, 0.999967, -7.6e-05, 0.0, -1.3e-05, 8.9e-05, 1.000005, 0.0, -0.002121, -0.010972, 0.000531, 1.0], "rotation": [0.999748, -0.020901, 0.001101, 0.0, 0.020924, 0.9968, -0.076656, 0.0, 0.000503, 0.076675, 0.997067, 0.0, 0.001634, 0.07361, -0.085897, 1.0]}, {"time": 6.558003902435303, "position": [0.999968, 0.000248, 1.1e-05, 0.0, -0.000248, 0.999967, -7.6e-05, 0.0, -1.3e-05, 8.8e-05, 1.000005, 0.0, -0.002152, -0.010957, 0.00056, 1.0], "rotation": [0.999747, -0.020976, 0.000948, 0.0, 0.020987, 0.996793, -0.07673, 0.0, 0.000663, 0.076745, 0.99706, 0.0, 0.001626, 0.073604, -0.085902, 1.0]}, {"time": 6.582046985626221, "position": [0.999968, 0.000248, 1.1e-05, 0.0, -0.000248, 0.999967, -7.6e-05, 0.0, -1.3e-05, 8.8e-05, 1.000005, 0.0, -0.002123, -0.010942, 0.000569, 1.0], "rotation": [0.999748, -0.020927, 0.001069, 0.0, 0.020948, 0.996796, -0.076716, 0.0, 0.000538, 0.076733, 0.997061, 0.0, 0.001633, 0.073605, -0.085901, 1.0]}, {"time": 6.662025213241577, "position": [0.999969, 0.000248, 1.1e-05, 0.0, -0.000248, 0.999967, -7.6e-05, 0.0, -1.3e-05, 8.9e-05, 1.000005, 0.0, -0.00215, -0.010948, 0.000573, 1.0], "rotation": [0.99975, -0.020922, 0.000996, 0.0, 0.020937, 0.9968, -0.076664, 0.0, 0.00061, 0.076679, 0.997065, 0.0, 0.001627, 0.073609, -0.085897, 1.0]}, {"time": 6.738004207611084, "position": [0.999969, 0.000249, 1.1e-05, 0.0, -0.000249, 0.999968, -7.6e-05, 0.0, -1.3e-05, 8.9e-05, 1.000006, 0.0, -0.002202, -0.010939, 0.000593, 1.0], "rotation": [0.99975, -0.020872, 0.00093, 0.0, 0.020882, 0.996803, -0.076652, 0.0, 0.000671, 0.076667, 0.997069, 0.0, 0.001617, 0.073611, -0.085896, 1.0]}, {"time": 6.815046310424805, "position": [0.999969, 0.000249, 1.1e-05, 0.0, -0.000249, 0.999967, -7.6e-05, 0.0, -1.3e-05, 8.9e-05, 1.000006, 0.0, -0.002156, -0.010925, 0.000596, 1.0], "rotation": [0.999746, -0.021067, 0.001042, 0.0, 0.021085, 0.996798, -0.076655, 0.0, 0.000575, 0.076672, 0.997068, 0.0, 0.001641, 0.07361, -0.085897, 1.0]}, {"time": 6.873049020767212, "position": [0.999968, 0.000249, 1.1e-05, 0.0, -0.000249, 0.999967, -7.6e-05, 0.0, -1.3e-05, 8.9e-05, 1.000005, 0.0, -0.002182, -0.010925, 0.000576, 1.0], "rotation": [0.999749, -0.020865, 0.00107, 0.0, 0.020886, 0.996801, -0.076648, 0.0, 0.000531, 0.076665, 0.997066, 0.0, 0.001629, 0.073611, -0.085896, 1.0]}, {"time": 6.93604850769043, "position": [0.999968, 0.000248, 1.1e-05, 0.0, -0.000248, 0.999967, -7.6e-05, 0.0, -1.3e-05, 8.8e-05, 1.000005, 0.0, -0.002169, -0.010898, 0.000604, 1.0], "rotation": [0.999748, -0.020901, 0.001102, 0.0, 0.020924, 0.996809, -0.076553, 0.0, 0.000499, 0.07657, 0.997074, 0.0, 0.001634, 0.073619, -0.085889, 1.0]}, {"time": 7.024052381515503, "position": [0.999969, 0.000249, 1.1e-05, 0.0, -0.000249, 0.999967, -7.6e-05, 0.0, -1.3e-05, 8.8e-05, 1.000005, 0.0, -0.002168, -0.010904, 0.00061, 1.0], "rotation": [0.999749, -0.020948, 0.000973, 0.0, 0.020962, 0.996805, -0.076607, 0.0, 0.000633, 0.076623, 0.99707, 0.0, 0.001627, 0.073614, -0.085893, 1.0]}, {"time": 7.096047639846802, "position": [0.999969, 0.000248, 1.1e-05, 0.0, -0.000247, 0.999967, -7.5e-05, 0.0, -1.3e-05, 8.8e-05, 1.000005, 0.0, -0.002233, -0.010943, 0.000584, 1.0], "rotation": [0.999754, -0.020702, 0.000925, 0.0, 0.020712, 0.996799, -0.076734, 0.0, 0.000665, 0.076749, 0.997062, 0.0, 0.001604, 0.073604, -0.085902, 1.0]}, {"time": 7.198041915893555, "position": [0.999969, 0.000247, 1.1e-05, 0.0, -0.000246, 0.999967, -7.5e-05, 0.0, -1.3e-05, 8.8e-05, 1.000005, 0.0, -0.002149, -0.010904, 0.000581, 1.0], "rotation": [0.999751, -0.020837, 0.001086, 0.0, 0.020859, 0.996801, -0.07666, 0.0, 0.000514, 0.076677, 0.997065, 0.0, 0.001628, 0.07361, -0.085897, 1.0]}, {"time": 7.279051303863525, "position": [0.999969, 0.000246, 1.1e-05, 0.0, -0.000246, 0.999967, -7.5e-05, 0.0, -1.3e-05, 8.8e-05, 1.000006, 0.0, -0.002109, -0.010882, 0.000576, 1.0], "rotation": [0.999752, -0.020845, 0.001092, 0.0, 0.020868, 0.996818, -0.076437, 0.0, 0.000504, 0.076457, 0.997086, 0.0, 0.00163, 0.073629, -0.085881, 1.0]}, {"time": 7.360048294067383, "position": [0.999969, 0.000245, 1.1e-05, 0.0, -0.000245, 0.999967, -7.5e-05, 0.0, -1.3e-05, 8.8e-05, 1.000005, 0.0, -0.002075, -0.010889, 0.000552, 1.0], "rotation": [0.999753, -0.020734, 0.001144, 0.0, 0.020761, 0.996804, -0.076655, 0.0, 0.000448, 0.076674, 0.997067, 0.0, 0.001625, 0.07361, -0.085897, 1.0]}, {"time": 7.47102689743042, "position": [0.999969, 0.000246, 1.1e-05, 0.0, -0.000246, 0.999967, -7.5e-05, 0.0, -1.3e-05, 8.8e-05, 1.000006, 0.0, -0.002073, -0.010897, 0.000568, 1.0], "rotation": [0.999751, -0.020809, 0.000976, 0.0, 0.020823, 0.996806, -0.076622, 0.0, 0.00062, 0.076638, 0.99707, 0.0, 0.001617, 0.073613, -0.085894, 1.0]}, {"time": 7.530050277709961, "position": [0.999969, 0.000246, 1.1e-05, 0.0, -0.000246, 0.999967, -7.5e-05, 0.0, -1.3e-05, 8.8e-05, 1.000005, 0.0, -0.002052, -0.0109, 0.000586, 1.0], "rotation": [0.99975, -0.020863, 0.000928, 0.0, 0.020873, 0.996807, -0.07659, 0.0, 0.000672, 0.076605, 0.997072, 0.0, 0.001616, 0.073616, -0.085892, 1.0]}, {"time": 7.6400465965271, "position": [0.999968, 0.000246, 1.1e-05, 0.0, -0.000246, 0.999967, -7.5e-05, 0.0, -1.3e-05, 8.8e-05, 1.000006, 0.0, -0.002041, -0.010913, 0.000579, 1.0], "rotation": [0.999747, -0.020966, 0.000999, 0.0, 0.020981, 0.996811, -0.076516, 0.0, 0.000607, 0.076532, 0.997079, 0.0, 0.00163, 0.073622, -0.085886, 1.0]}, {"time": 7.705047607421875, "position": [0.999969, 0.000244, 1.1e-05, 0.0, -0.000244, 0.999967, -7.5e-05, 0.0, -1.3e-05, 8.8e-05, 1.000005, 0.0, -0.00203, -0.010925, 0.000572, 1.0], "rotation": [0.999749, -0.020924, 0.001065, 0.0, 0.020944, 0.996801, -0.076648, 0.0, 0.000541, 0.076665, 0.997067, 0.0, 0.001633, 0.073611, -0.085896, 1.0]}, {"time": 7.7880120277404785, "position": [0.999969, 0.000243, 1.1e-05, 0.0, -0.000243, 0.999967, -7.5e-05, 0.0, -1.3e-05, 8.7e-05, 1.000005, 0.0, -0.002094, -0.01092, 0.00054, 1.0], "rotation": [0.999748, -0.020937, 0.000914, 0.0, 0.020946, 0.996813, -0.076504, 0.0, 0.000689, 0.076518, 0.997077, 0.0, 0.001621, 0.073623, -0.085886, 1.0]}, {"time": 7.8710503578186035, "position": [0.999969, 0.000242, 1.1e-05, 0.0, -0.000242, 0.999967, -7.5e-05, 0.0, -1.3e-05, 8.7e-05, 1.000005, 0.0, -0.002032, -0.010956, 0.000532, 1.0], "rotation": [0.999748, -0.02094, 0.000971, 0.0, 0.020953, 0.996806, -0.076586, 0.0, 0.000634, 0.076601, 0.997071, 0.0, 0.001626, 0.073616, -0.085892, 1.0]}, {"time": 7.9420459270477295, "position": [0.999968, 0.000243, 1.1e-05, 0.0, -0.000243, 0.999968, -7.5e-05, 0.0, -1.3e-05, 8.7e-05, 1.000005, 0.0, -0.002014, -0.010962, 0.000547, 1.0], "rotation": [0.999747, -0.020961, 0.001065, 0.0, 0.020982, 0.996795, -0.076739, 0.0, 0.000545, 0.076756, 0.997061, 0.0, 0.001635, 0.073603, -0.085903, 1.0]}, {"time": 8.056026220321655, "position": [0.999969, 0.000242, 9e-06, 0.0, -0.000242, 0.999967, -6.6e-05, 0.0, -1.1e-05, 7.9e-05, 1.000005, 0.0, -0.002104, -0.011007, 0.000509, 1.0], "rotation": [0.999751, -0.020836, 0.001081, 0.0, 0.020858, 0.9968, -0.07669, 0.0, 0.000518, 0.076708, 0.997064, 0.0, 0.001628, 0.073607, -0.085899, 1.0]}, {"time": 8.138017654418945, "position": [0.999968, 0.0, 9e-06, 0.0, -0.0, 0.999966, 1e-06, 0.0, -1.2e-05, 1e-05, 1.000002, 0.0, -0.002039, -0.010977, 0.000653, 1.0], "rotation": [0.99975, -0.020868, 0.00109, 0.0, 0.020891, 0.996804, -0.076607, 0.0, 0.000511, 0.076623, 0.997065, 0.0, 0.001631, 0.073614, -0.085893, 1.0]}, {"time": 8.380048990249634, "position": [0.999966, 0.0, 1.1e-05, 0.0, 0.0, 0.999966, -2e-06, 0.0, -1.3e-05, 1.2e-05, 1.0, 0.0, -0.00207, -0.011102, 0.000545, 1.0], "rotation": [0.999741, -0.021034, 0.001136, 0.0, 0.02106, 0.9968, -0.076602, 0.0, 0.000477, 0.076618, 0.99706, 0.0, 0.001647, 0.073614, -0.085893, 1.0]}, {"time": 8.38202953338623, "position": [0.999966, 0.0, 1.1e-05, 0.0, 0.0, 0.999966, -2e-06, 0.0, -1.3e-05, 1.3e-05, 1.0, 0.0, -0.00207, -0.011102, 0.000545, 1.0], "rotation": [0.99974, -0.021034, 0.001136, 0.0, 0.02106, 0.9968, -0.076602, 0.0, 0.000477, 0.076618, 0.99706, 0.0, 0.001647, 0.073614, -0.085893, 1.0]}, {"time": 8.384038209915161, "position": [0.999966, -0.0, 1.1e-05, 0.0, 0.0, 0.999965, -1e-06, 0.0, -1.3e-05, 1.2e-05, 1.0, 0.0, -0.002041, -0.011095, 0.000571, 1.0], "rotation": [0.999746, -0.020843, 0.001188, 0.0, 0.020874, 0.996805, -0.076564, 0.0, 0.00041, 0.07658, 0.997064, 0.0, 0.001637, 0.073618, -0.08589, 1.0]}, {"time": 8.419045209884644, "position": [0.999966, -2e-06, 1.1e-05, 0.0, 2e-06, 0.999966, -5e-06, 0.0, -1.3e-05, 1.6e-05, 1.0, 0.0, -0.002029, -0.011064, 0.000616, 1.0], "rotation": [0.999743, -0.020973, 0.001014, 0.0, 0.02099, 0.996797, -0.076652, 0.0, 0.000595, 0.076665, 0.997057, 0.0, 0.001632, 0.07361, -0.085897, 1.0]}, {"time": 8.51002311706543, "position": [0.999966, -2e-06, 1.1e-05, 0.0, 2e-06, 0.999966, -5e-06, 0.0, -1.3e-05, 1.6e-05, 1.000001, 0.0, -0.00198, -0.011038, 0.000644, 1.0], "rotation": [0.999747, -0.020782, 0.000998, 0.0, 0.020798, 0.996798, -0.076703, 0.0, 0.000597, 0.076716, 0.997055, 0.0, 0.001616, 0.073606, -0.0859, 1.0]}, {"time": 8.512028217315674, "position": [0.999966, -2e-06, 1.1e-05, 0.0, 2e-06, 0.999966, -5e-06, 0.0, -1.3e-05, 1.6e-05, 1.0, 0.0, -0.00198, -0.011038, 0.000644, 1.0], "rotation": [0.999747, -0.020782, 0.000998, 0.0, 0.020798, 0.996797, -0.076703, 0.0, 0.000597, 0.076716, 0.997054, 0.0, 0.001616, 0.073606, -0.0859, 1.0]}, {"time": 8.656052112579346, "position": [0.999966, -1e-06, 1.1e-05, 0.0, 1e-06, 0.999966, -5e-06, 0.0, -1.3e-05, 1.5e-05, 1.000001, 0.0, -0.001966, -0.011043, 0.000636, 1.0], "rotation": [0.999744, -0.020866, 0.001125, 0.0, 0.020891, 0.996802, -0.07662, 0.0, 0.000476, 0.076636, 0.997061, 0.0, 0.001633, 0.073613, -0.085894, 1.0]}, {"time": 8.72602105140686, "position": [0.999966, -3e-06, 1.1e-05, 0.0, 3e-06, 0.999966, -6e-06, 0.0, -1.3e-05, 1.6e-05, 1.0, 0.0, -0.00197, -0.011021, 0.000635, 1.0], "rotation": [0.999745, -0.020886, 0.001051, 0.0, 0.020905, 0.996803, -0.076596, 0.0, 0.000551, 0.076609, 0.997062, 0.0, 0.001629, 0.073615, -0.085892, 1.0]}, {"time": 8.781047105789185, "position": [0.999966, -3e-06, 1.1e-05, 0.0, 3e-06, 0.999966, -4e-06, 0.0, -1.3e-05, 1.5e-05, 1.0, 0.0, -0.001934, -0.010969, 0.000665, 1.0], "rotation": [0.999744, -0.020902, 0.001176, 0.0, 0.020931, 0.996813, -0.076479, 0.0, 0.000425, 0.076496, 0.99707, 0.0, 0.001641, 0.073625, -0.085884, 1.0]}, {"time": 8.870044946670532, "position": [0.999966, -6e-06, 1.1e-05, 0.0, 6e-06, 0.999966, -6e-06, 0.0, -1.3e-05, 1.6e-05, 0.999999, 0.0, -0.001977, -0.010975, 0.000625, 1.0], "rotation": [0.999743, -0.020942, 0.001086, 0.0, 0.020964, 0.996808, -0.076542, 0.0, 0.000518, 0.076555, 0.997063, 0.0, 0.001636, 0.07362, -0.085888, 1.0]}, {"time": 8.923021078109741, "position": [0.999966, -9e-06, 1.1e-05, 0.0, 9e-06, 0.999966, -7e-06, 0.0, -1.3e-05, 1.8e-05, 1.000001, 0.0, -0.00194, -0.010948, 0.00064, 1.0], "rotation": [0.999743, -0.020908, 0.001088, 0.0, 0.02093, 0.996809, -0.07652, 0.0, 0.000514, 0.076535, 0.997069, 0.0, 0.001633, 0.073622, -0.085887, 1.0]}, {"time": 9.011062383651733, "position": [0.999965, -1.3e-05, 1.1e-05, 0.0, 1.3e-05, 0.999966, -9e-06, 0.0, -1.3e-05, 2e-05, 1.0, 0.0, -0.001918, -0.010925, 0.000663, 1.0], "rotation": [0.999742, -0.02091, 0.001172, 0.0, 0.020939, 0.996811, -0.076487, 0.0, 0.000429, 0.076502, 0.99707, 0.0, 0.001641, 0.073625, -0.085884, 1.0]}, {"time": 9.067022562026978, "position": [0.999966, -1.9e-05, 1.1e-05, 0.0, 1.9e-05, 0.999967, -1.1e-05, 0.0, -1.3e-05, 2.1e-05, 1.0, 0.0, -0.001952, -0.010918, 0.000688, 1.0], "rotation": [0.999743, -0.020922, 0.001066, 0.0, 0.020943, 0.996808, -0.076563, 0.0, 0.000537, 0.076577, 0.997063, 0.0, 0.001633, 0.073618, -0.08589, 1.0]}, {"time": 9.164051294326782, "position": [0.999967, -2e-05, 1.1e-05, 0.0, 2e-05, 0.999966, -1.1e-05, 0.0, -1.3e-05, 2.1e-05, 1.0, 0.0, -0.001906, -0.010879, 0.000718, 1.0], "rotation": [0.999745, -0.020911, 0.001184, 0.0, 0.020941, 0.99681, -0.076494, 0.0, 0.000418, 0.076511, 0.99707, 0.0, 0.001642, 0.073624, -0.085885, 1.0]}, {"time": 9.260035514831543, "position": [0.999966, -2.3e-05, 1.1e-05, 0.0, 2.4e-05, 0.999966, -1.1e-05, 0.0, -1.4e-05, 2.2e-05, 1.0, 0.0, -0.001993, -0.010887, 0.000686, 1.0], "rotation": [0.999744, -0.020872, 0.000979, 0.0, 0.020886, 0.996807, -0.076566, 0.0, 0.00062, 0.076579, 0.997064, 0.0, 0.001621, 0.073618, -0.08589, 1.0]}, {"time": 9.319066524505615, "position": [0.999966, -2.3e-05, 1.1e-05, 0.0, 2.4e-05, 0.999966, -1.1e-05, 0.0, -1.4e-05, 2.1e-05, 1.0, 0.0, -0.001982, -0.010869, 0.000701, 1.0], "rotation": [0.999744, -0.020877, 0.001038, 0.0, 0.020895, 0.996813, -0.076486, 0.0, 0.00056, 0.076499, 0.99707, 0.0, 0.001627, 0.073625, -0.085884, 1.0]}, {"time": 9.432045459747314, "position": [0.999966, -2.5e-05, 1.1e-05, 0.0, 2.5e-05, 0.999966, -1.1e-05, 0.0, -1.4e-05, 2.2e-05, 1.0, 0.0, -0.001976, -0.010911, 0.000672, 1.0], "rotation": [0.999743, -0.020939, 0.001184, 0.0, 0.020969, 0.996803, -0.07661, 0.0, 0.000422, 0.076626, 0.99706, 0.0, 0.001644, 0.073614, -0.085893, 1.0]}, {"time": 9.556047201156616, "position": [0.999966, -2.5e-05, 1.1e-05, 0.0, 2.5e-05, 0.999966, -1.1e-05, 0.0, -1.4e-05, 2.2e-05, 1.0, 0.0, -0.001979, -0.010924, 0.000703, 1.0], "rotation": [0.999743, -0.020985, 0.00108, 0.0, 0.021006, 0.9968, -0.076619, 0.0, 0.000529, 0.076633, 0.99706, 0.0, 0.001638, 0.073613, -0.085894, 1.0]}, {"time": 9.78604531288147, "position": [0.999966, -3.1e-05, 1.1e-05, 0.0, 3.1e-05, 0.999965, -1.4e-05, 0.0, -1.4e-05, 2.4e-05, 1.0, 0.0, -0.001984, -0.010888, 0.000732, 1.0], "rotation": [0.999742, -0.020967, 0.001154, 0.0, 0.020995, 0.996804, -0.076561, 0.0, 0.000454, 0.076577, 0.997064, 0.0, 0.001643, 0.073618, -0.08589, 1.0]}, {"time": 9.890004873275757, "position": [0.999967, -3.2e-05, 1.1e-05, 0.0, 3.2e-05, 0.999965, -1.4e-05, 0.0, -1.4e-05, 2.5e-05, 1.0, 0.0, -0.001945, 